27 320
92 13 -6 -12 0
27 15 -11 -5 0
58 24 0
80 18 23 0
25 -18 0
61 4 -16 0
13 7 0
61 -15 0
3 24 12 -7 0
74 4 0
23 -11 0
35 -5 1 0
9 -1 0
48 4 0
64 -23 0
47 -7 3 0
19 12 0
21 9 1 0
64 -11 0
93 -3 -23 26 0
73 -9 6 0
44 -21 0
46 3 -16 0
20 -2 -6 0
53 27 -17 -13 0
79 -15 -22 0
37 -6 7 0
79 5 0
25 10 -5 15 0
28 -12 25 19 0
43 -8 0
40 10 16 0
23 -16 12 0
86 24 -14 0
88 -18 14 0
90 1 0
23 -15 -6 0
19 -23 24 0
10 -3 23 -9 0
22 -14 -16 4 0
56 -24 0
91 -4 -6 15 0
9 -14 17 0
25 7 -10 1 0
83 -15 -20 0
34 -26 10 -25 0
21 -12 0
8 -24 -19 0
90 -18 6 0
46 -24 14 0
39 -22 -12 0
7 -17 1 -24 0
30 19 20 0
86 -24 21 0
37 10 -22 0
95 -1 0
18 4 -12 0
41 9 16 1 0
52 -22 26 16 0
93 2 0
89 -8 0
55 27 3 0
21 -23 4 0
91 24 23 0
1 -11 0
27 -12 23 0
74 2 8 -1 0
88 16 -13 -27 0
65 9 -18 0
14 21 0
81 -27 8 -23 0
88 26 0
63 -23 -14 -24 0
97 24 18 -1 0
4 12 0
49 5 -25 9 0
53 -6 -11 -20 0
76 -26 1 0
85 9 0
92 -11 0
25 -2 3 7 0
62 -7 27 0
28 -19 0
24 -11 -12 0
63 22 12 0
25 -14 -17 19 0
1 -12 21 -8 0
24 -13 0
72 -13 -7 10 0
55 -13 0
34 10 0
80 -18 22 0
51 8 0
57 21 0
26 9 11 -27 0
23 -4 -17 2 0
2 9 0
77 -11 7 0
53 16 0
6 18 0
87 -20 -11 18 0
20 22 0
7 11 -17 22 0
28 11 0
91 -15 -21 18 0
29 14 -9 0
64 -27 19 -3 0
7 -15 0
62 -8 27 -6 0
84 -20 -15 1 0
37 -11 0
89 -7 22 0
7 12 0
64 -12 5 22 0
67 -11 24 -5 0
4 23 10 0
22 -21 0
94 7 0
56 18 0
95 -23 -3 0
54 27 -5 18 0
51 -15 -12 -11 0
3 -1 25 13 0
42 -26 -16 0
65 20 -17 -11 0
18 -26 -2 21 0
13 13 0
10 -5 2 0
19 -16 18 0
44 16 0
29 3 -11 2 0
58 -19 -3 0
77 16 0
75 8 -18 25 0
9 19 -6 0
53 6 0
94 -13 0
78 2 0
78 -16 -20 0
49 14 0
62 4 -11 -3 0
78 -6 -4 0
60 -14 -25 0
6 -18 0
20 6 0
35 3 -8 0
64 6 0
3 -1 26 -27 0
51 11 0
71 22 -4 0
6 5 0
45 7 18 0
68 16 0
91 -7 -24 0
44 -7 -3 -12 0
98 -15 -24 -16 0
48 -1 26 0
56 21 -7 0
35 10 12 -13 0
34 15 1 27 0
7 -16 0
49 14 0
92 -5 24 7 0
12 1 27 5 0
98 8 0
25 12 -16 0
78 4 0
63 -14 -3 -13 0
95 4 -17 -7 0
24 -1 -20 -5 0
42 8 -11 0
28 -12 0
21 24 1 25 0
85 -22 23 0
76 16 25 -23 0
30 -20 19 0
36 -8 -6 21 0
12 -26 20 4 0
50 -26 -18 -1 0
50 21 -11 -7 0
40 -1 22 20 0
21 -18 0
96 8 -14 0
63 7 -21 0
25 -13 0
41 -27 26 0
58 -9 24 4 0
12 20 -16 -8 0
9 17 -12 -10 0
69 -26 0
59 4 -22 0
38 -14 0
88 -5 0
98 10 -16 0
10 -16 14 -4 0
38 -8 4 -27 0
32 2 -1 0
5 -13 2 -23 0
90 11 26 0
97 27 9 19 0
88 26 0
53 -18 0
84 27 0
84 22 7 0
21 -23 18 14 0
70 14 0
5 24 -20 0
80 24 21 0
55 14 -3 0
22 -26 8 -5 0
20 5 0
60 -6 0
25 -10 0
51 -9 0
46 4 12 -13 0
49 -10 21 12 0
46 17 0
31 -3 24 0
56 -24 27 -25 0
26 -14 10 -9 0
82 -11 21 0
34 4 9 0
17 7 0
24 -5 0
94 -5 26 0
29 15 -16 9 0
15 24 17 -19 0
48 -8 -4 24 0
12 -18 -13 3 0
20 -15 -7 0
73 -25 3 0
26 -7 0
94 -15 3 0
70 -25 -14 27 0
63 4 22 14 0
66 -19 -13 0
73 13 0
30 4 -26 -15 0
22 -12 0
39 19 5 0
32 -13 17 -10 0
65 -9 27 0
39 9 8 5 0
23 17 4 7 0
70 18 0
74 2 21 0
98 -15 -16 0
94 6 26 27 0
79 -15 -8 0
85 -27 10 0
14 -9 24 15 0
62 -27 0
33 -23 11 0
77 12 4 19 0
88 -1 5 -13 0
82 -9 4 -1 0
83 -16 -20 -8 0
92 -2 -9 -23 0
97 -19 0
78 -20 -8 -22 0
78 20 21 0
16 23 0
11 -12 3 0
61 12 0
26 -18 0
93 -14 -15 0
43 8 0
78 -12 0
22 24 18 0
58 21 -7 9 0
69 13 15 -17 0
18 -8 20 0
76 25 -24 0
42 12 -14 0
29 -26 0
84 -12 15 0
18 -27 -18 0
72 19 25 0
27 26 0
82 -9 15 0
54 1 0
33 7 17 0
8 -11 0
11 -3 -2 -6 0
26 -14 18 0
46 -18 -7 -27 0
71 -16 0
7 1 18 0
35 17 -25 6 0
60 -1 0
82 -16 0
45 16 0
93 17 -9 0
39 12 -9 11 0
41 -9 8 18 0
88 -17 0
16 -5 -18 0
76 -23 -11 0
93 -8 0
90 6 0
21 -21 -27 6 0
60 -27 0
63 -2 0
18 -4 15 -19 0
15 -7 22 -14 0
43 12 22 0
99 -1 0
78 27 0
12 1 18 25 0
66 24 -13 0
27 -19 -10 0
45 -9 -27 0
20 4 7 -5 0
62 -1 0
85 -3 17 22 0
48 -19 21 0
41 -12 -15 -22 0
66 1 13 0
44 -10 0
14 15 -9 -6 0
