30 2000
22 -28 0
82 -26 0
49 5 0
68 9 22 11 0
21 13 12 17 0
36 -4 8 0
7 23 0
94 -19 -29 -23 0
39 11 26 -12 0
64 20 0
61 -26 -6 0
92 -9 -10 -20 0
96 28 26 -2 0
85 -16 -14 10 0
1 -23 0
13 5 -11 0
94 -1 -19 0
87 30 15 0
18 27 -30 -26 0
95 14 -27 22 0
68 -28 0
66 27 -10 3 0
7 10 -29 -7 0
54 29 11 19 0
40 -22 5 0
69 1 0
26 -12 0
56 -28 -9 -15 0
27 28 -11 0
35 4 0
50 3 0
19 17 22 0
59 -29 -1 16 0
75 -10 29 4 0
67 -2 29 16 0
54 -5 0
40 14 -30 -16 0
4 -24 0
64 -17 -2 -21 0
63 -27 0
15 2 0
62 -24 17 0
95 2 -29 0
96 -13 -17 0
92 11 0
51 20 -15 0
51 -24 7 27 0
13 -22 -18 0
79 26 29 -16 0
52 14 0
41 7 13 0
71 20 0
93 -29 -4 -11 0
13 7 -9 0
28 -5 0
85 -30 5 14 0
70 -6 14 -18 0
68 -23 -19 0
43 12 0
92 -11 0
8 28 -20 -23 0
7 -3 30 -27 0
78 23 0
76 20 27 0
75 26 -20 0
81 20 -19 0
30 -24 -14 0
18 -25 0
99 16 19 0
89 -19 0
3 12 17 0
57 19 -10 0
98 15 11 0
36 26 13 0
8 -29 9 0
23 -12 -30 0
57 8 0
33 21 0
55 -27 11 0
74 27 8 9 0
63 -3 -30 0
83 26 11 -7 0
5 18 -30 -24 0
22 -30 0
25 -4 -23 0
65 20 -23 0
99 2 0
55 6 27 0
16 -28 5 0
31 -2 17 0
41 -17 -26 -28 0
54 11 -27 0
46 -5 25 15 0
4 7 0
78 5 23 15 0
78 6 -3 17 0
63 27 10 0
61 27 -7 0
75 -22 0
26 16 0
95 -25 30 10 0
53 -5 26 0
18 -6 -10 0
80 -13 0
32 -3 0
75 -25 0
47 5 27 0
8 -2 27 0
72 15 6 -4 0
27 26 29 0
4 11 25 9 0
4 8 17 0
25 2 20 0
69 7 29 -5 0
34 -11 0
10 14 0
77 22 7 0
35 -29 -20 0
66 -22 0
28 -9 23 0
23 -30 -19 -4 0
19 16 25 0
52 29 -23 5 0
13 25 8 -3 0
49 -30 -5 0
48 4 29 3 0
51 -6 0
11 -11 15 0
16 27 0
67 -18 26 -29 0
25 -22 -28 -10 0
7 -1 28 0
22 -16 12 29 0
79 -21 16 0
61 8 18 28 0
67 -6 25 0
7 -21 -6 0
58 11 9 0
20 13 0
6 29 0
62 -20 0
87 -16 26 0
49 -16 21 -8 0
83 -8 0
69 -30 -28 0
1 -20 0
50 -11 0
94 -24 11 0
50 -30 9 0
32 20 18 0
43 8 30 11 0
10 25 0
49 -24 27 -17 0
14 -22 0
90 17 24 26 0
63 24 0
36 12 0
98 19 22 -23 0
51 -1 15 28 0
84 -14 -7 0
76 2 -11 0
78 -4 12 0
15 -25 0
6 7 0
68 5 11 -26 0
84 16 0
59 27 14 19 0
60 3 13 -5 0
44 26 -23 0
16 -5 0
1 26 0
97 25 -24 0
39 9 4 -14 0
25 8 0
33 -19 25 28 0
93 -18 -16 0
91 -24 0
58 -13 -21 -12 0
27 5 0
31 17 0
23 -17 23 6 0
46 -2 23 -5 0
62 -3 -17 0
48 1 24 0
90 -6 -5 0
6 18 0
31 -13 22 -18 0
69 30 -13 -14 0
57 -29 0
76 15 26 6 0
95 19 18 -23 0
60 -21 -20 0
56 27 0
37 17 -25 -8 0
10 -3 0
5 28 -17 0
88 -8 0
25 -17 0
2 10 0
1 -17 0
64 -3 -30 -27 0
36 23 -2 0
13 10 -5 0
70 7 -4 2 0
64 8 0
60 -8 5 0
53 12 7 30 0
94 -23 -25 4 0
80 -20 27 0
15 3 -5 0
34 24 14 -19 0
53 30 0
37 -6 28 0
23 -20 27 18 0
17 -9 0
65 -19 -22 0
85 -2 -25 0
18 29 -6 0
84 -19 8 -17 0
93 10 0
92 -12 0
49 9 0
30 -22 -23 0
15 6 0
67 -22 -16 0
36 11 21 -20 0
93 -7 0
80 -7 -21 0
59 19 -17 0
89 -2 -27 0
36 -12 -14 0
24 -25 -2 5 0
63 21 -23 11 0
37 4 20 27 0
65 -10 19 0
15 20 0
85 12 0
99 9 15 0
80 -24 0
63 16 0
42 1 0
80 6 -27 -18 0
36 20 -8 0
52 5 0
23 10 -9 -11 0
49 27 24 19 0
77 28 0
12 -14 4 0
66 -28 -11 -3 0
70 26 27 -10 0
34 28 1 -14 0
4 7 23 0
60 29 0
70 -30 -13 20 0
37 24 -23 0
39 -4 5 0
51 14 17 0
42 10 3 0
70 -15 0
69 16 -1 -15 0
98 -9 -24 0
64 17 30 0
30 5 19 -25 0
37 6 0
76 3 0
67 -14 9 0
3 9 30 0
53 -22 -20 16 0
23 -22 -3 0
69 17 30 27 0
77 6 -10 -1 0
50 18 0
51 7 0
63 -21 -11 -8 0
72 -11 15 6 0
79 12 0
64 -13 0
20 17 0
73 -6 -23 0
52 27 0
24 -15 6 0
58 -1 -8 0
29 -7 20 -21 0
87 28 0
37 16 -28 14 0
92 -10 -19 0
3 -11 0
44 18 6 -16 0
73 -24 0
81 -14 0
27 23 6 25 0
33 -30 -15 0
4 -8 0
43 17 30 0
39 30 7 -6 0
77 3 20 0
84 23 0
3 -4 0
77 14 -7 -29 0
54 19 -12 0
35 23 11 16 0
18 21 -15 -11 0
93 23 0
18 -3 27 0
73 26 -6 0
62 7 1 -29 0
78 26 -16 -9 0
44 -23 0
19 6 8 1 0
36 29 0
25 23 -1 -25 0
52 -24 -9 15 0
48 -2 23 6 0
11 -17 0
2 13 0
12 -4 -10 -5 0
58 -15 -22 0
87 21 23 0
11 -5 -10 14 0
98 17 -14 -10 0
69 -13 -26 -3 0
86 7 24 -13 0
8 8 0
53 -9 8 10 0
71 6 17 0
61 -30 -21 9 0
46 -10 -16 0
3 2 -13 0
3 -11 24 -15 0
14 2 0
40 6 0
98 13 -16 -23 0
43 27 19 -23 0
22 16 3 7 0
2 -28 0
94 9 19 0
7 18 -27 0
81 -9 0
15 -17 -11 0
33 -30 0
25 23 28 0
97 -17 0
3 -22 -2 0
27 25 -4 -20 0
18 -28 13 -11 0
18 -7 0
99 -6 4 0
92 23 0
31 -7 0
53 17 26 0
78 30 24 -8 0
19 4 0
32 -9 12 28 0
88 -19 0
27 25 -13 0
33 -4 -19 3 0
93 14 13 29 0
91 -29 22 0
19 -6 -25 9 0
40 -18 23 0
37 19 17 0
17 18 7 -6 0
39 -13 -11 10 0
44 3 -26 7 0
55 29 0
14 -30 0
28 15 -10 -28 0
53 -25 26 -18 0
61 -12 21 2 0
50 29 -8 0
71 -20 21 0
66 18 25 7 0
70 3 0
34 -9 26 -29 0
50 -25 -10 -7 0
25 22 19 18 0
7 -11 0
73 -2 -28 0
97 10 30 0
62 9 -24 19 0
10 -1 13 0
6 -15 0
8 -19 8 0
8 30 -24 0
78 17 -24 0
44 6 0
66 -26 0
50 -1 -16 0
25 -3 17 0
44 13 0
91 6 0
64 9 -4 3 0
94 6 -19 0
69 -5 -22 0
83 -10 -16 0
9 -26 0
17 29 -8 0
81 18 22 0
14 -12 19 0
75 -16 18 0
81 30 17 29 0
73 13 -16 30 0
98 -10 0
54 -29 0
13 -11 18 19 0
48 21 7 0
29 -9 -8 0
33 -30 5 0
21 1 -18 0
89 11 17 27 0
44 -9 -13 0
85 -1 0
67 -29 24 20 0
3 5 0
57 -9 0
54 -25 0
69 6 -29 -28 0
64 21 9 0
78 -28 -2 0
33 24 0
1 20 -19 0
44 21 0
94 26 3 1 0
44 18 10 -22 0
86 -10 1 -29 0
19 -10 -18 0
81 3 0
71 17 12 11 0
14 -5 0
64 26 0
78 -3 22 28 0
69 14 0
64 -1 13 0
38 5 0
84 -27 0
36 26 0
83 -12 27 0
83 25 23 0
97 17 0
85 -1 7 0
68 -30 14 25 0
51 -8 27 0
42 5 6 0
85 10 -28 -30 0
65 17 -9 -1 0
65 -22 -23 0
43 -10 -1 0
2 2 0
28 3 -13 18 0
87 -8 19 12 0
70 -19 0
74 5 -22 23 0
89 -14 11 0
51 -11 0
51 -2 0
76 1 9 26 0
27 -18 6 -13 0
1 6 -7 0
6 20 0
23 -11 24 0
37 9 -28 18 0
59 -22 -6 0
26 -11 0
27 -9 3 -8 0
11 -3 0
59 22 0
6 7 30 0
45 24 0
63 3 13 0
47 18 -11 6 0
45 -5 -16 26 0
13 20 2 25 0
95 -25 10 22 0
90 -3 -1 0
52 -14 0
32 19 20 0
17 -14 0
14 24 0
16 -6 2 -8 0
35 -15 3 0
5 -2 30 0
90 25 -12 4 0
44 -7 -6 -13 0
69 25 -5 -10 0
59 -15 28 16 0
44 26 0
5 11 18 22 0
80 14 29 0
48 -10 -11 -25 0
67 21 0
89 -6 17 26 0
72 -16 0
2 26 -1 17 0
86 13 17 0
68 29 -2 17 0
69 -17 -27 -29 0
67 6 0
51 24 0
90 -2 18 0
44 -23 0
15 7 0
27 27 2 -15 0
43 12 0
75 4 18 0
28 29 -14 -5 0
2 -14 0
49 27 -12 0
67 -20 27 0
26 19 -10 0
88 9 0
41 -1 -12 0
4 -25 0
95 26 -11 -13 0
91 -22 -27 -12 0
35 -11 -17 22 0
97 -22 -19 -15 0
26 26 -11 0
9 1 8 0
62 -24 0
87 -29 0
94 4 6 -16 0
25 25 23 15 0
69 -23 -26 0
81 -10 -9 -19 0
17 11 22 -5 0
41 29 -13 0
10 -8 0
44 -8 0
40 -7 -22 0
26 7 22 0
43 -25 4 0
92 15 0
29 11 0
37 7 0
44 -8 14 -7 0
22 -16 0
7 -19 -6 4 0
2 15 0
40 -14 -30 0
45 2 22 0
85 -18 -3 0
94 -26 2 23 0
3 -7 -29 0
36 -1 24 22 0
62 -2 25 0
52 6 0
93 -20 -23 0
55 26 13 30 0
69 20 3 0
50 7 0
55 -19 21 0
50 9 -17 10 0
60 13 -22 17 0
55 -10 8 -5 0
67 29 8 0
58 -14 0
51 -29 18 -15 0
1 3 25 -14 0
55 -20 0
49 22 10 19 0
15 28 -23 0
36 30 -1 0
81 30 24 0
37 17 0
52 -28 26 0
76 5 -8 30 0
86 -24 17 -8 0
43 -5 11 0
7 -11 0
80 17 0
25 9 0
64 10 5 16 0
61 -29 5 18 0
50 -2 -15 0
75 16 0
89 12 -9 0
93 26 0
26 7 -27 24 0
16 10 1 0
20 -28 -4 -3 0
72 30 -17 -13 0
18 6 -23 -14 0
22 -19 1 0
83 25 -4 -30 0
32 -3 0
99 3 14 0
44 7 -5 9 0
22 -16 7 -23 0
98 13 29 -12 0
67 -1 0
67 21 0
32 -13 0
84 3 0
10 -15 0
95 7 0
11 3 -18 0
3 -28 0
58 -10 0
3 11 -1 0
17 29 -16 0
68 -12 -25 26 0
55 22 -21 0
47 -29 9 28 0
70 -25 22 0
58 6 0
40 18 30 0
87 28 0
40 26 -2 -21 0
51 17 8 2 0
66 -28 -21 -8 0
62 4 0
41 -13 -19 0
61 -16 0
74 -28 17 -2 0
50 6 0
91 -16 -17 23 0
43 22 -24 -11 0
72 -1 -12 11 0
14 -16 -30 0
35 1 0
27 -3 30 23 0
65 14 -21 0
54 -1 3 0
52 29 0
97 22 23 0
96 -2 4 0
52 -13 -25 -21 0
76 21 23 -24 0
88 3 0
6 -26 16 28 0
61 9 10 0
27 -9 3 0
69 -28 22 2 0
92 -11 0
73 3 -4 5 0
56 21 26 0
77 2 0
78 -20 25 0
76 27 13 6 0
6 -27 -8 -21 0
16 -6 -15 28 0
42 -25 21 -4 0
64 -14 0
48 -3 28 0
16 -22 -10 -6 0
83 23 29 2 0
16 26 29 0
93 -3 1 -9 0
10 17 0
1 28 3 0
80 13 -22 -9 0
73 4 0
16 29 11 0
65 19 0
75 11 22 0
80 11 0
87 1 0
41 -6 -27 0
89 -3 27 15 0
26 8 -29 -14 0
76 14 1 28 0
9 16 27 18 0
46 -8 -24 0
9 16 -11 0
58 -4 0
91 -26 -15 7 0
63 -21 25 -16 0
83 -8 -19 12 0
39 -3 12 0
65 -12 8 -5 0
60 20 0
64 30 -20 17 0
15 -26 18 -11 0
32 -6 0
88 23 0
48 -8 0
64 -12 25 0
14 -6 24 0
43 -20 0
81 17 0
20 19 24 20 0
38 30 16 28 0
95 16 -24 -29 0
81 1 -2 0
71 -16 0
37 10 -21 -23 0
65 22 0
96 -25 -8 -11 0
65 -8 -19 0
3 -30 29 1 0
41 4 -27 0
35 28 5 0
37 -26 -19 0
55 -28 0
31 30 -10 0
16 -17 0
84 26 -7 -9 0
45 -10 19 0
1 -6 -15 0
56 -7 0
12 10 0
93 -16 -29 11 0
69 8 0
96 -11 6 24 0
47 28 -16 6 0
35 27 0
39 -18 -16 0
84 9 0
73 26 19 -11 0
63 20 27 0
43 11 -1 -13 0
33 8 20 0
83 -4 13 0
22 21 0
98 -21 23 0
36 2 -3 -30 0
66 8 21 0
26 -9 28 0
73 -6 -12 -17 0
79 2 0
13 -8 5 -7 0
50 -8 -24 -12 0
91 7 -1 0
14 13 0
6 -13 0
17 30 -15 11 0
69 -18 26 10 0
80 8 0
17 6 -3 5 0
52 18 -11 3 0
87 -29 -17 0
57 -18 -19 -22 0
34 10 0
16 -30 -3 -12 0
11 9 0
37 11 -30 0
46 5 22 14 0
85 10 -5 -8 0
16 14 -21 0
11 30 -4 1 0
70 28 9 0
39 12 30 -7 0
11 23 -7 0
85 15 0
84 -17 7 28 0
44 -2 -6 0
60 24 -30 0
96 14 0
61 17 22 -25 0
8 3 -11 14 0
98 6 10 -9 0
83 -25 -8 0
91 -20 2 0
71 -11 25 0
81 -20 -3 0
26 -6 26 0
32 -25 0
88 -16 0
30 3 -17 0
82 -9 0
2 16 -10 3 0
55 -6 8 0
75 12 18 -15 0
49 -2 17 0
48 -8 0
62 27 16 0
76 -11 14 -17 0
52 17 0
67 4 0
75 -16 -17 -21 0
29 -8 22 -7 0
42 13 19 -20 0
34 -12 0
80 -30 0
43 -23 0
33 -6 0
46 17 19 0
63 -23 0
29 -13 -5 -2 0
36 -23 -10 0
93 -7 -6 0
86 -16 0
87 -30 6 -9 0
17 24 0
92 -7 9 0
72 16 -11 10 0
35 24 0
55 21 2 0
86 -8 15 28 0
28 -4 0
57 20 0
43 -15 -16 8 0
85 24 30 0
37 -27 -5 0
70 -6 28 -23 0
25 14 -4 25 0
3 20 9 -11 0
85 -19 -4 0
17 -18 21 0
4 20 -17 -23 0
75 -1 -3 22 0
53 -10 -16 0
91 13 0
75 18 0
50 -14 20 0
24 -12 -21 1 0
23 -25 -7 0
10 -15 0
35 -25 0
11 29 -17 -11 0
22 -10 -2 0
53 -6 -7 19 0
9 26 -6 0
80 17 3 -1 0
81 -9 -24 29 0
31 -11 0
62 11 14 -9 0
22 23 15 1 0
41 -17 21 -25 0
91 -23 -22 -12 0
14 5 -7 -14 0
47 20 -13 0
47 -2 -22 0
57 5 19 0
24 -1 24 0
11 -17 25 0
54 -29 22 5 0
87 -15 0
17 -13 -22 -26 0
79 -25 -2 30 0
1 11 21 10 0
99 25 4 -14 0
46 -13 0
24 -27 0
99 -8 0
81 -30 -14 0
33 2 -1 0
57 -5 0
87 -21 -28 23 0
52 29 -24 -2 0
6 3 24 0
27 15 0
7 14 12 26 0
82 -28 24 -5 0
77 3 -20 -13 0
93 22 0
59 6 25 0
46 11 -23 0
23 27 -4 0
88 14 20 15 0
52 -1 13 0
83 -4 -28 -12 0
58 11 0
9 -26 -1 0
52 20 -8 0
42 30 6 14 0
58 -9 -2 0
10 -8 -26 29 0
15 30 -4 0
48 -15 25 0
33 11 0
76 27 13 0
37 -30 7 19 0
66 25 -14 10 0
92 -20 23 0
22 20 -26 27 0
43 16 0
51 6 0
26 -30 -25 0
99 -26 13 1 0
66 -21 -11 12 0
23 24 28 14 0
24 29 0
36 -30 11 19 0
3 3 20 -25 0
80 -6 14 15 0
68 -5 0
3 -2 0
64 -14 -9 0
28 5 -6 30 0
58 21 10 0
3 16 0
90 -13 -25 -5 0
20 18 26 0
88 8 6 9 0
19 -13 -24 8 0
94 -24 4 -1 0
35 7 0
84 -1 0
55 -16 20 14 0
28 22 17 18 0
53 -28 0
66 29 -26 -30 0
71 -6 29 1 0
96 13 24 -28 0
16 -5 -20 6 0
40 -17 -23 0
28 -28 0
64 -12 2 30 0
23 -25 5 -21 0
23 -19 18 10 0
67 27 -6 0
95 -23 17 25 0
24 9 0
71 -29 0
80 21 0
3 -29 0
44 -8 0
45 -17 -29 21 0
80 30 -16 2 0
27 26 0
5 -9 -8 17 0
77 -26 17 18 0
87 -10 0
61 1 0
90 8 7 -23 0
71 -7 0
82 6 -28 17 0
9 5 0
42 -16 9 0
35 29 -28 0
61 -5 13 22 0
93 16 -9 0
91 -23 -25 0
15 -6 0
63 18 1 0
18 11 3 21 0
7 9 0
91 -4 -13 0
69 16 0
17 -4 0
78 -25 -6 8 0
99 -25 13 24 0
14 25 -15 -4 0
28 -25 0
91 -17 -19 -1 0
28 -26 20 0
82 15 -23 1 0
46 -21 -1 0
1 24 18 0
81 11 0
62 6 -22 0
69 -25 0
51 5 -14 0
80 -24 0
97 -23 1 19 0
19 30 -27 0
18 -19 -8 0
72 18 21 0
28 -14 0
38 -25 6 -26 0
34 -15 17 0
62 16 -8 0
79 -23 2 0
23 -3 -14 8 0
12 -8 -26 0
90 -6 -22 17 0
42 -13 -24 0
12 20 -23 0
16 12 -7 -10 0
9 -3 -6 -27 0
85 -26 0
97 -29 -5 20 0
86 26 0
55 -5 0
3 -9 -10 0
7 11 -27 0
2 -13 0
7 21 30 0
85 -6 25 0
6 -28 12 0
15 -10 -21 0
67 -23 22 -4 0
82 29 -7 -13 0
49 22 -5 8 0
58 -20 0
1 4 0
4 -24 11 -19 0
33 22 -21 -2 0
56 14 0
14 17 -18 0
47 -20 0
60 30 9 0
27 10 6 -3 0
24 6 20 0
4 16 0
38 18 0
17 -30 0
70 -22 0
30 30 0
34 -25 23 -14 0
28 23 0
94 13 -25 -1 0
84 -24 0
47 27 0
98 -23 9 0
89 8 -10 3 0
12 29 27 15 0
20 -14 0
72 -14 29 0
54 24 0
94 24 11 0
6 -19 -8 -2 0
71 -24 15 0
57 -11 28 0
58 22 23 -17 0
66 -11 25 0
83 -16 19 23 0
61 -3 17 0
73 13 -26 0
64 -2 0
35 -21 0
18 27 -30 -26 0
29 -22 1 0
4 -21 -14 -2 0
23 20 12 -6 0
37 8 0
65 4 0
85 -25 24 16 0
35 2 0
83 -10 0
94 6 -3 0
52 -9 24 -5 0
52 24 -26 0
67 -27 -25 0
15 7 -17 0
23 11 -26 0
2 -21 0
22 -3 0
42 -14 -20 -7 0
75 -13 -21 0
5 -17 16 -4 0
77 -29 2 6 0
15 14 8 2 0
74 16 0
1 -4 0
94 25 8 0
29 -5 0
41 -28 2 -18 0
98 10 0
21 -13 -5 0
74 -17 20 28 0
17 18 25 -17 0
85 5 -17 10 0
27 -8 -26 21 0
96 2 22 0
72 20 4 -21 0
94 22 25 0
13 12 0
26 -20 -12 27 0
32 26 0
54 14 0
20 27 -5 -13 0
91 24 3 0
73 26 -7 0
36 -10 0
4 -4 15 0
74 -26 -4 -25 0
48 -28 -25 0
35 -14 0
16 23 -7 26 0
8 28 7 0
81 24 16 21 0
60 10 30 -15 0
75 8 -16 10 0
94 16 14 0
11 18 -16 0
65 -10 3 0
36 27 18 3 0
5 -10 14 -29 0
50 16 12 11 0
33 -20 0
39 10 0
58 23 0
37 -12 0
97 -23 5 -1 0
76 -22 -3 0
22 24 2 0
56 -1 0
62 6 10 -20 0
60 -2 0
16 15 -10 0
20 21 0
54 27 7 0
14 18 14 0
73 -2 7 -12 0
45 24 9 0
97 28 9 0
23 -5 12 23 0
86 13 -29 -30 0
4 -27 0
29 -10 6 26 0
41 25 -2 16 0
45 -3 6 -8 0
69 -23 -24 0
19 -23 0
27 -19 23 -10 0
79 9 -7 22 0
84 -16 0
87 16 0
37 -2 0
41 -19 7 0
89 22 -30 -24 0
84 -19 1 -14 0
63 -5 11 0
56 -26 20 -12 0
85 -17 0
50 -24 0
79 -14 -22 0
84 -21 0
68 5 0
12 23 0
85 -29 8 -16 0
85 -23 -20 26 0
4 -8 -15 23 0
34 -12 -26 0
58 -7 6 22 0
59 -6 0
66 3 -30 0
1 4 12 28 0
4 10 0
3 -15 8 0
48 -25 -19 3 0
30 -29 -25 15 0
90 9 -10 1 0
8 -20 -9 -26 0
64 14 -12 -25 0
73 -18 -22 0
86 -19 0
1 11 -8 0
74 -1 17 0
40 -9 -3 22 0
90 11 0
87 -22 -12 -3 0
78 -28 0
19 9 16 3 0
7 30 14 25 0
11 7 -20 25 0
42 8 -2 23 0
15 -21 10 0
71 17 13 0
38 -9 0
1 2 -27 0
72 15 -20 -4 0
63 27 0
37 -5 0
18 12 6 0
22 30 -13 -1 0
98 19 -29 -2 0
40 -19 14 0
34 10 0
77 -6 22 0
65 -13 0
76 1 27 0
78 19 0
16 6 13 0
69 13 -27 0
48 -3 -4 0
40 22 4 -3 0
78 -2 0
67 -22 0
31 15 6 16 0
15 -11 0
68 -4 8 0
23 -25 -17 -20 0
70 17 27 28 0
96 15 -20 0
19 18 5 -17 0
29 -15 26 29 0
86 -16 13 6 0
27 -30 0
77 4 30 -15 0
53 -3 -2 -7 0
25 -18 29 0
10 -3 -18 10 0
68 29 1 25 0
14 -25 -10 0
18 12 22 -4 0
34 -15 -18 0
27 -2 0
22 -6 -20 -9 0
92 17 0
45 29 -6 5 0
63 -30 19 15 0
55 6 0
82 22 -2 0
65 -16 0
28 -9 -4 0
95 6 -30 -20 0
63 16 0
98 15 0
63 -5 0
2 -8 0
92 -17 -5 -22 0
35 30 24 -20 0
56 -16 19 -2 0
95 -29 0
88 15 1 0
88 -13 -6 0
25 -13 -23 0
35 -29 21 12 0
53 21 0
14 -17 -27 -7 0
69 -28 -27 0
36 -17 -6 0
61 27 0
36 5 0
27 -12 10 0
48 -3 10 17 0
59 -23 7 1 0
62 -14 -13 0
83 -18 1 -6 0
16 -28 -27 0
7 28 -10 0
55 20 -21 0
84 27 0
8 3 28 0
29 -27 -12 -18 0
80 4 0
87 10 -14 -7 0
29 29 0
55 21 0
12 -2 -13 0
82 -13 -23 25 0
23 24 3 18 0
2 -20 0
6 10 1 -24 0
44 28 0
13 -14 2 0
14 -14 15 0
47 27 0
71 -1 17 0
70 16 -1 11 0
50 -4 13 -22 0
64 1 20 -4 0
81 12 -2 0
73 -15 4 -21 0
77 5 2 0
80 -15 12 0
9 -3 0
13 26 0
69 16 0
84 -10 29 0
90 27 -3 -6 0
78 15 26 0
20 -21 -18 0
56 -26 -25 -27 0
79 -30 23 -28 0
52 23 -17 0
70 -8 -4 0
8 -25 -6 0
18 -15 0
58 -2 -18 0
65 27 0
69 17 -27 0
41 22 -3 0
54 -29 1 0
88 -22 -30 0
43 -9 -15 6 0
41 9 0
53 8 27 0
37 14 0
48 11 -21 0
78 17 -20 -11 0
24 10 0
90 27 0
84 27 -20 0
67 16 -9 11 0
26 -3 0
42 -7 2 0
4 -5 21 0
34 -27 -24 14 0
74 13 -25 0
4 26 3 -9 0
91 22 0
66 2 -19 11 0
82 -15 27 0
34 27 0
82 -22 -16 30 0
86 -9 20 -27 0
73 -17 -13 -20 0
60 6 -2 -8 0
94 11 -21 0
48 10 0
85 11 0
59 21 0
93 -17 0
66 -1 -30 0
48 -13 -10 -30 0
89 19 21 10 0
50 -2 -19 0
68 11 12 0
7 26 0
90 -30 24 -4 0
86 -28 0
18 -1 0
37 29 -10 0
14 -16 -23 0
44 16 18 9 0
59 -5 -25 8 0
4 6 -1 0
74 29 0
73 -8 24 15 0
81 15 5 26 0
40 3 0
67 16 0
7 24 18 0
63 -29 0
63 4 0
76 -15 25 0
10 20 0
19 26 8 0
57 19 8 -23 0
12 25 4 9 0
24 22 3 0
1 15 -27 0
3 -13 1 0
38 -13 -1 -6 0
40 -16 -25 -14 0
30 6 22 0
47 -22 0
6 -20 19 0
43 -29 -26 0
67 -5 30 29 0
71 -13 -3 0
58 -5 -29 0
55 30 0
70 -28 0
3 16 -2 0
30 2 0
66 -27 26 5 0
38 10 3 -22 0
57 -12 17 -21 0
93 5 6 0
34 6 20 0
7 4 0
49 28 0
18 -20 16 0
78 3 0
78 10 -24 -29 0
57 -4 -27 0
24 18 4 19 0
15 22 -30 0
1 3 0
54 29 27 14 0
38 -14 -12 23 0
18 28 0
55 -9 8 -28 0
87 29 0
51 -13 24 0
23 2 -5 -3 0
84 -15 13 -20 0
5 -15 13 0
63 -21 0
71 -17 0
85 -23 0
78 -29 -7 0
78 21 11 29 0
10 -27 1 0
43 1 9 0
11 -4 0
26 1 9 28 0
40 23 0
25 -30 0
65 -29 -4 -15 0
39 5 -28 10 0
74 23 1 -15 0
31 2 0
99 -8 -10 0
56 3 -9 0
80 18 -13 0
18 22 -7 1 0
91 19 -27 0
2 20 0
46 -18 0
1 24 23 17 0
9 17 0
24 -5 13 0
71 9 -23 0
36 -2 13 -19 0
84 20 -14 16 0
65 -20 3 0
16 13 -24 5 0
20 6 -20 0
12 5 6 23 0
43 -7 -28 -19 0
58 7 -29 30 0
28 2 13 0
74 -21 0
85 -28 -29 11 0
36 23 0
13 -21 19 11 0
35 -27 -28 19 0
44 -1 -19 17 0
8 21 0
8 25 0
3 30 -17 -9 0
44 4 0
37 5 -22 -21 0
1 30 12 0
14 16 19 0
59 5 0
62 -12 15 6 0
38 6 21 18 0
80 22 -27 14 0
81 9 11 -21 0
43 19 -16 1 0
78 27 0
87 16 4 -13 0
31 10 24 -25 0
23 3 0
40 -14 -6 -28 0
24 17 0
73 11 -22 -16 0
2 -18 0
39 -29 11 0
21 13 -25 -21 0
51 -30 20 0
82 -29 -8 0
19 22 0
36 -1 0
66 27 24 -16 0
65 -15 -29 9 0
82 -3 0
17 5 11 0
42 7 0
99 -21 0
23 30 -7 -20 0
50 19 21 0
32 28 16 -17 0
16 4 0
40 2 0
27 27 0
22 29 0
94 15 0
30 -25 -11 -16 0
62 -6 -1 7 0
58 2 0
73 -1 13 0
84 -5 16 0
72 12 0
78 16 -9 0
48 19 0
40 -26 -5 0
16 29 0
60 -12 4 0
72 7 0
96 -30 0
93 -1 0
86 10 -18 0
92 -15 12 2 0
54 18 0
3 -7 19 0
97 27 11 0
31 30 0
11 4 -24 13 0
68 -13 -19 0
19 8 -3 11 0
87 -17 -10 0
71 4 -18 5 0
66 7 15 8 0
10 6 0
3 -5 -28 -29 0
91 11 16 0
38 -6 0
69 10 -7 -23 0
36 9 -11 7 0
86 -9 0
19 -11 0
33 26 13 18 0
8 23 0
85 -2 9 -29 0
82 26 -8 0
9 -5 7 0
29 -25 -17 6 0
40 -19 0
82 18 -22 -2 0
33 20 -7 0
99 -9 -20 -27 0
75 1 0
72 13 10 0
40 -29 0
47 1 4 0
85 -26 0
16 -25 -18 0
98 26 11 5 0
64 23 -24 0
13 6 0
32 29 0
74 25 12 8 0
82 -17 19 0
30 -26 -28 0
95 1 0
14 3 0
43 -12 -17 0
6 30 0
21 -11 0
64 -15 0
83 -27 19 0
97 27 -9 29 0
12 9 17 0
78 -24 -2 4 0
53 20 0
9 -7 -1 0
70 19 9 25 0
68 -29 2 0
27 6 28 0
58 1 -3 -7 0
90 -19 0
70 -25 29 0
22 -6 0
73 17 -8 0
12 -23 12 0
54 -4 -15 0
99 22 -16 0
56 10 -16 23 0
73 1 22 -10 0
84 13 0
92 11 0
28 28 0
95 6 0
49 17 0
35 -19 9 8 0
4 20 -21 0
22 18 19 0
81 -15 0
20 24 -18 -13 0
77 27 -3 0
9 13 25 -16 0
29 20 0
50 6 -16 0
82 -4 -10 -1 0
54 -23 30 -2 0
40 7 14 25 0
29 29 -22 -30 0
18 -27 0
83 19 23 -16 0
1 -18 0
42 28 0
90 5 -28 0
24 23 30 0
91 6 -14 -8 0
99 -4 24 5 0
59 23 0
20 -14 15 0
46 -15 0
72 -17 21 -10 0
44 4 0
4 27 -10 0
69 29 0
89 -16 0
8 -26 1 18 0
1 9 19 -22 0
8 -3 5 0
54 29 0
9 24 1 -18 0
46 -10 0
52 27 20 0
63 -20 0
56 29 11 2 0
74 12 -27 0
21 -21 16 -19 0
53 15 0
40 -10 20 -30 0
78 -9 0
16 6 0
70 16 9 -4 0
1 -20 0
74 -30 0
39 -18 0
13 -17 27 0
95 6 0
8 -29 20 0
10 -23 -7 19 0
85 -2 29 0
38 -10 0
10 19 -24 3 0
80 20 28 -27 0
64 -18 -14 3 0
89 30 9 0
51 18 12 16 0
32 19 0
65 -19 0
58 21 0
47 -14 24 0
73 29 23 0
66 12 13 0
36 10 8 -17 0
41 -10 -3 0
82 13 15 0
30 -5 0
54 28 0
73 23 0
67 -22 -29 28 0
2 24 12 0
78 29 13 0
45 -18 3 14 0
27 8 0
64 27 -12 7 0
44 5 3 0
36 -23 0
35 25 13 0
34 14 25 4 0
15 -7 0
55 -12 6 0
10 11 -30 -8 0
77 8 12 21 0
64 -29 0
87 -17 28 0
99 -4 -10 0
47 -24 23 0
1 16 0
83 -11 0
9 -27 7 0
98 -16 -8 0
25 -27 12 0
94 -16 19 4 0
57 17 20 0
58 -25 0
14 13 0
32 9 5 0
16 2 15 0
92 25 -9 0
58 -3 0
35 -21 16 17 0
1 -7 0
44 -26 10 2 0
55 -27 -12 -15 0
37 12 -6 0
71 14 11 8 0
32 12 4 25 0
29 -28 0
39 23 0
52 23 -11 0
30 -11 27 -12 0
91 24 0
88 7 0
97 19 0
48 5 -25 0
9 -3 -29 28 0
29 -13 0
22 -12 -20 0
88 10 0
67 -21 9 0
73 19 0
43 15 -30 23 0
18 -28 0
44 17 0
10 1 -5 0
91 29 0
95 -5 18 -20 0
23 -6 19 0
60 -28 -18 0
39 -2 -26 -29 0
72 2 0
30 10 27 -17 0
96 -15 -16 0
65 27 -19 0
35 -9 17 0
33 17 -19 27 0
60 -3 -2 0
36 30 9 0
1 -18 -22 0
52 -5 0
38 -4 1 0
16 27 19 -30 0
66 -19 0
95 -18 0
51 -21 -10 0
44 18 8 -16 0
90 4 -21 0
27 -25 -8 0
60 -25 0
95 -5 0
98 -5 -20 0
21 5 0
39 29 0
52 6 1 0
70 -20 -22 -15 0
42 -11 0
70 -1 -21 0
9 -12 10 0
82 13 0
31 -3 -5 0
24 19 -23 -12 0
93 3 0
12 -6 2 27 0
5 -27 0
62 20 -26 -6 0
39 -26 20 0
4 26 0
33 21 -18 -25 0
48 -15 0
61 -14 0
39 -10 -4 -2 0
33 20 -28 1 0
37 9 27 0
71 -22 0
47 -29 0
43 8 -24 10 0
30 -29 -17 0
60 -26 0
47 16 0
92 -23 22 7 0
63 13 0
74 -12 0
59 -26 -28 0
67 -21 0
98 19 -16 0
93 19 -24 0
98 21 18 0
27 26 27 -28 0
60 25 0
88 3 18 26 0
4 12 0
18 3 0
77 -5 1 16 0
79 24 0
17 -8 0
53 19 -6 0
63 15 14 0
77 17 0
5 24 -27 0
43 -7 18 0
57 22 -8 0
99 20 -26 0
90 12 13 0
12 12 13 -4 0
5 -11 -19 0
82 -5 0
69 5 -28 0
71 -9 30 7 0
86 27 0
48 -12 0
64 -5 0
29 -2 0
57 21 0
71 27 -1 0
86 -17 0
41 -18 0
48 -17 -12 0
70 -8 9 -1 0
89 -6 11 18 0
40 25 0
54 22 -8 -3 0
92 15 0
21 2 -6 0
33 -15 0
24 -30 -19 0
38 -8 15 0
25 19 0
80 29 4 0
82 -27 28 0
20 -11 -28 7 0
51 -5 14 25 0
89 -25 0
60 27 5 0
89 -22 -28 0
38 6 -10 0
68 -16 2 -20 0
62 -30 5 0
11 1 29 0
32 -24 22 5 0
92 -23 -20 0
97 29 -8 20 0
44 5 0
69 4 17 -19 0
60 25 -21 10 0
46 -13 3 -8 0
63 -8 0
82 -29 0
6 -11 26 -10 0
95 -14 0
23 10 -6 -8 0
13 10 0
16 11 13 -2 0
75 12 3 28 0
31 -30 -18 8 0
15 22 14 0
1 2 0
17 -3 -9 -4 0
13 -24 22 -29 0
95 -15 22 0
31 -13 -28 0
51 -8 26 28 0
90 26 0
96 -24 14 -27 0
49 -19 22 16 0
25 -1 -17 -30 0
59 24 1 -27 0
55 11 29 -22 0
27 10 25 0
20 -7 3 0
90 26 29 0
93 29 -12 -15 0
91 28 4 0
85 27 0
95 -10 2 0
97 -14 -9 0
70 24 25 0
22 18 5 15 0
94 -21 0
21 21 -25 0
56 -20 -7 0
74 12 27 -4 0
31 -20 0
89 -12 -13 0
36 -13 25 19 0
4 9 -28 -13 0
89 30 0
76 20 9 -21 0
53 14 -27 -20 0
59 12 -16 0
42 -25 7 -14 0
76 -3 -30 -2 0
27 -22 0
69 16 -24 0
47 -22 -9 0
36 5 1 -6 0
7 15 3 -27 0
66 7 0
56 23 -7 0
31 -1 12 0
54 25 -18 0
74 -22 0
35 -10 0
39 -29 0
11 7 -15 0
63 25 -3 4 0
21 19 -12 0
70 29 10 22 0
54 -6 -22 7 0
87 4 0
92 4 0
66 11 -26 -22 0
51 -30 -15 -3 0
94 -10 -3 21 0
11 25 -24 -7 0
10 -4 16 -11 0
13 -27 5 0
69 -2 9 0
62 -13 6 16 0
78 12 23 4 0
5 -22 0
29 1 4 24 0
91 10 24 -18 0
32 -1 -12 25 0
69 3 16 15 0
88 -25 3 0
34 -22 -8 0
80 21 -26 0
1 27 9 0
58 -4 0
52 -26 0
3 -16 0
44 -1 0
1 -13 -26 8 0
50 19 -28 -1 0
74 -15 0
55 -15 -23 0
54 -19 0
38 30 10 0
88 -7 -23 18 0
1 4 0
95 -4 -21 0
4 10 -11 0
88 -19 0
40 2 0
45 -18 0
6 -12 7 -14 0
35 21 -26 0
42 2 -25 0
13 -25 -24 0
78 -18 0
96 7 20 0
63 -16 -11 24 0
73 11 0
42 2 -23 29 0
93 17 -16 0
65 10 -26 0
25 -13 9 -12 0
38 6 -11 -26 0
54 -4 -14 29 0
40 -5 0
40 7 -25 11 0
56 -16 0
66 2 0
34 4 12 18 0
48 -16 0
38 17 11 0
40 18 29 0
25 -20 -11 -30 0
79 -18 0
59 -8 13 -21 0
59 18 -14 0
7 -13 4 0
30 20 -6 -7 0
96 21 0
94 -14 5 0
74 -3 0
59 5 1 0
28 -7 10 0
99 30 15 0
19 17 16 -10 0
86 4 21 0
4 21 -26 0
30 16 -20 0
17 -6 0
64 -4 -29 -24 0
71 -25 19 0
78 24 15 0
94 -4 -24 -7 0
10 25 18 5 0
17 -16 2 0
31 -17 -28 0
76 -12 -11 -25 0
79 -21 0
7 -7 20 0
9 14 28 17 0
95 20 -27 0
52 -7 -16 -10 0
24 -11 0
63 -3 -11 0
6 -30 0
99 20 -4 -19 0
26 22 20 16 0
31 13 21 0
46 -13 -8 16 0
68 7 -20 6 0
63 15 -28 0
76 25 7 19 0
9 13 2 -24 0
7 7 -29 0
59 1 -13 0
77 -29 2 0
74 -10 1 20 0
38 -13 -20 -6 0
5 -4 0
54 -2 0
95 6 0
37 -12 29 0
62 -17 25 -24 0
72 5 -1 0
67 -1 0
24 -2 0
61 11 -27 0
5 12 -7 0
94 -10 1 0
39 3 24 17 0
8 -19 -9 0
47 -30 0
70 13 14 0
65 12 4 0
98 16 -24 -23 0
48 28 30 6 0
27 -20 6 0
42 26 0
97 29 -11 0
22 -28 -16 0
16 -11 0
26 4 -21 0
16 1 26 0
13 -30 0
24 -20 -11 0
21 19 28 7 0
78 -11 5 -15 0
87 -13 0
10 3 -24 0
82 5 -9 0
87 -30 10 8 0
13 -18 2 -26 0
66 -29 -17 -19 0
36 18 -23 -9 0
26 21 24 0
33 -19 0
36 -5 0
41 -28 -21 0
95 -27 0
91 -6 0
27 -27 0
53 -21 18 -3 0
44 18 13 6 0
35 16 19 -10 0
11 -12 -21 1 0
13 -5 0
58 23 -20 0
11 -16 13 -10 0
93 -16 -2 0
61 27 -20 0
78 -18 -25 0
34 6 0
65 -6 -12 0
52 -27 0
30 -1 -6 -23 0
42 12 1 0
92 14 -13 0
12 23 -22 -16 0
62 12 19 20 0
28 -22 16 0
58 -25 -7 0
