25 250
86 -5 -8 19 0
99 7 -21 9 0
7 -5 -9 0
3 13 22 7 0
87 5 20 0
13 20 22 -2 0
7 11 -11 -6 0
45 -16 -22 0
63 5 17 -13 0
25 -6 -5 0
66 -24 18 0
81 8 -4 -19 0
58 12 -21 -14 0
27 5 0
71 10 18 -2 0
59 -5 0
67 7 16 7 0
42 17 -14 -9 0
89 6 0
45 -18 0
86 14 0
45 -9 12 11 0
91 1 16 0
62 3 -5 0
97 -20 0
89 -10 13 0
17 21 0
38 0 14 0
17 -16 12 0
16 1 13 13 0
85 -0 -11 0
14 0 14 -2 0
34 12 -10 21 0
64 -16 0
14 3 14 0
51 -3 7 0
33 14 0
59 -1 -8 0
38 23 0
38 -8 21 0
34 5 0
82 22 18 -12 0
70 2 0
20 22 -21 0
11 -8 -5 0
3 15 6 0
20 2 0
73 -6 0
86 -23 0
92 -23 21 -21 0
82 -16 -20 0
36 17 -9 0
51 24 0
91 9 0
35 15 0
69 13 11 -0 0
99 5 13 -22 0
62 -5 -21 -8 0
95 -6 -4 0
54 -11 -9 0
73 6 1 0
10 -21 0
48 7 0
19 10 -12 -13 0
54 15 -1 3 0
97 -22 -15 0
90 18 0
52 -10 0 0
83 -17 0
45 9 0
22 18 6 16 0
55 -1 16 -11 0
1 -6 4 0
94 -24 0
80 9 0
97 -14 15 0
92 -11 -24 0
32 18 0
12 2 5 0
1 -15 -20 13 0
13 20 23 0
85 21 0
87 -20 13 0
74 -8 -8 21 0
37 -8 4 10 0
87 2 19 0
75 -23 -13 0
80 -8 0
49 15 -8 -14 0
76 -23 -24 -13 0
41 15 0
10 -5 0
82 5 -23 1 0
92 -3 -6 -9 0
37 12 0
56 -2 19 0
20 3 0
90 4 -16 -15 0
69 11 13 24 0
56 10 16 17 0
24 13 19 7 0
93 -15 0
66 -21 3 0
45 -2 -19 -22 0
83 -12 12 0
67 5 -23 11 0
56 -12 -8 0
51 18 0
79 -19 -23 0
44 10 -2 5 0
46 -23 -24 13 0
42 -0 13 0
43 -11 -5 0
48 2 23 0
77 -13 -5 4 0
22 16 -8 0
34 3 2 -9 0
12 -22 -21 7 0
92 -0 16 0
11 -12 1 0
79 -10 0
70 -16 5 0
89 -18 -14 14 0
83 -19 -7 0
28 8 -23 13 0
4 16 13 0
14 10 0
70 2 20 0
14 21 0
9 -12 -11 0
1 -7 -14 0
34 -2 0
56 1 -12 3 0
83 8 0
70 -9 11 0
11 17 11 0
50 7 -7 -14 0
60 -21 0
62 14 0
22 19 0
26 -12 -2 18 0
87 -21 9 -18 0
22 -16 -24 0
69 12 -22 0
32 -20 24 0
27 21 -23 23 0
34 -0 3 23 0
62 9 -11 21 0
84 -4 18 0
87 -6 -3 0
93 2 0
10 -14 0
91 -14 -14 0
82 -0 0
12 -17 21 0
56 23 6 0
11 -6 9 0
65 -13 0
11 -13 7 0
60 15 0
78 9 -20 0
49 -10 23 -1 0
95 2 0
40 17 0
27 6 24 0
37 -7 -0 0
84 23 -16 8 0
33 -21 -24 0
86 -18 -13 0
21 -24 11 0
21 2 0
45 -14 -1 21 0
52 -20 -23 0
28 8 -9 -11 0
50 6 0
6 -1 15 0
21 24 -13 -6 0
53 9 0
98 22 -2 6 0
39 -4 13 -19 0
76 6 16 10 0
1 -19 0
36 10 14 0
76 13 0
60 18 24 0
68 -0 -4 8 0
84 2 0
57 -3 0
57 -2 -22 0
59 -20 -16 0
79 -22 0
89 11 -4 10 0
53 15 10 -10 0
73 7 -21 0
27 23 -7 6 0
86 4 -5 0
95 -6 6 -15 0
15 -8 14 -14 0
34 -6 -3 6 0
76 2 0
98 -12 0
41 19 0
31 -3 -13 -18 0
45 17 -21 0
76 -12 -10 -7 0
81 -22 -5 0
1 -12 -12 0
74 6 4 0
71 8 0
15 -10 16 -22 0
36 -23 10 0
14 4 0
96 15 -18 0
69 -8 23 24 0
36 -11 8 9 0
48 -2 0
80 -14 12 9 0
47 23 5 0
53 -4 2 0
72 7 0
38 -6 -0 1 0
31 -5 -6 0
68 20 -3 24 0
80 13 -1 2 0
50 2 0
30 -23 0
1 -18 12 0
55 -5 -20 -16 0
60 0 12 -10 0
27 -18 0
41 22 -17 -0 0
96 15 0
54 -3 4 0
13 20 0
28 17 -0 -4 0
72 10 -9 0
21 17 1 -0 0
53 13 0
35 -19 14 0
12 11 0
15 2 -23 15 0
57 -21 0
68 22 -19 0
42 12 -9 0
92 -6 9 -22 0
72 17 16 18 0
25 -24 13 -17 0
4 17 0
39 2 -4 -22 0
87 -14 0
