50 1000
8 -47 -9 47 0
56 45 0
72 -42 -24 -28 0
12 5 25 0
68 -5 0
60 -49 24 49 0
81 11 12 2 0
50 6 18 0
74 -38 -31 0
91 25 0
49 14 -35 -4 0
32 25 -34 -10 0
32 -46 0
46 3 -47 0
28 -24 -37 0
15 -13 0
6 9 0
3 12 15 -48 0
16 1 -6 0
14 -42 0
42 -23 1 15 0
98 -34 0
13 38 43 0
4 -27 -40 0
75 35 -4 -37 0
46 41 0
92 14 0
68 45 0
42 -37 38 0
71 -40 0
82 -0 -30 0
5 -33 -29 6 0
66 25 -23 6 0
1 -10 0
34 -14 -23 34 0
12 29 -33 16 0
11 -43 47 45 0
26 -16 -46 43 0
69 -20 -21 0
50 20 -24 0
64 17 -17 0
46 -31 37 7 0
19 -32 18 0
76 9 -46 0
5 42 21 -34 0
33 1 -19 39 0
35 12 -2 0
83 33 -11 0
91 -6 -28 -29 0
35 -40 0
91 -46 0
64 47 -32 0
50 10 0
35 23 39 29 0
74 -46 9 -29 0
81 -42 0
16 -30 0 0
91 1 0
25 6 32 0
87 45 0
96 -29 0
1 -35 0
50 -19 -48 0
93 18 10 0
16 34 0
72 -8 -33 0
17 47 41 -5 0
38 -6 -18 20 0
73 -48 -11 -41 0
98 14 0
99 -24 -6 -9 0
48 25 33 -15 0
17 12 0
21 -14 0
16 37 14 0
76 -3 30 0
2 8 6 40 0
31 46 0
2 6 0
4 -15 -33 0
26 -8 12 30 0
55 32 22 0
78 33 -20 0
53 41 -41 0
22 48 -13 0
49 -18 35 15 0
26 -41 40 -15 0
81 -8 0
50 45 0
39 -6 0
65 -23 0
12 -20 0
31 -39 36 27 0
49 6 -31 -27 0
10 35 47 -43 0
6 -32 14 0
33 39 -37 -11 0
78 8 0
62 -28 -29 -41 0
82 7 25 0
19 -31 11 18 0
77 -27 -21 0
92 -47 0
82 -26 20 0
62 -8 -17 -48 0
39 -17 0
98 -7 -43 0
33 20 -46 -49 0
47 -21 0
7 -13 0
97 -42 44 0
28 -41 -0 0
96 -32 12 0
50 24 31 0
65 37 -41 0
50 -34 21 30 0
35 -17 -19 -41 0
4 -8 0
73 -39 0
16 -0 -32 -44 0
32 30 -10 0
20 -33 -1 36 0
93 49 0
30 3 12 0
38 3 7 -9 0
10 -34 0
43 -48 -38 -44 0
69 17 22 8 0
34 37 0
36 45 -42 0
38 47 16 0
17 43 17 -37 0
49 6 0
22 39 38 -41 0
24 23 -44 0
11 -19 47 -26 0
68 27 8 42 0
13 33 0
24 4 0
80 -25 0
65 -3 13 0
6 16 -0 0
14 -3 0
73 -40 25 7 0
84 -11 39 24 0
52 16 -7 0
58 -30 -40 0
95 -20 0
1 -47 -35 -38 0
81 -33 -40 39 0
54 21 0
48 20 -41 44 0
93 22 -25 0
99 26 47 -4 0
92 43 46 0
75 -30 -25 0
66 14 25 0
9 -18 16 18 0
71 38 1 0
87 36 0
88 1 -7 13 0
44 -39 0
77 18 24 -0 0
35 14 25 0
96 -13 -46 0
21 -5 -28 24 0
1 46 -36 0
90 1 -6 0
64 -1 -38 0
3 15 48 40 0
48 24 42 46 0
15 3 0
63 2 38 0
24 -33 7 22 0
83 29 0
55 26 -10 -25 0
91 42 31 0
59 45 0
7 46 42 6 0
72 39 -33 -40 0
17 30 -11 0
92 -2 0
49 -9 0
96 17 0
47 29 28 -10 0
66 -37 0
18 -9 -5 0
71 -28 0
94 1 19 36 0
2 0 0
66 -39 0
35 14 -15 -47 0
47 47 49 0
28 -3 -7 0
42 -13 0
67 -38 -44 0
27 -38 34 0
4 -31 -35 23 0
91 -10 0
27 -38 0
16 -27 16 0
10 -47 10 40 0
63 -28 -0 -3 0
16 -21 25 0
73 -13 18 0
68 7 -47 -5 0
64 -4 0
94 10 49 0
38 -27 15 0 0
68 -39 -5 0
79 -27 0
4 30 0
65 4 -20 6 0
51 25 6 0
35 -38 -22 -18 0
3 45 0
58 -2 -36 -34 0
38 6 -28 0
57 44 0
93 45 0
97 -12 0
46 0 18 0
8 15 -7 -43 0
68 -19 39 0
27 -35 -41 0
28 -49 38 -43 0
30 -6 0
86 -12 22 0
90 -11 0
14 49 -37 6 0
9 10 0
41 17 0
5 35 -25 18 0
70 0 0
23 -48 -14 -12 0
1 -34 0
8 -20 0
43 -6 6 0
49 -15 -23 45 0
22 -37 0
54 -31 6 0
50 -19 -38 0
4 -33 0
17 -41 -23 0
28 43 22 25 0
71 -12 -28 0
74 -9 -38 -21 0
51 -32 -46 0
30 -34 -18 0
81 8 0
24 43 -9 -31 0
18 -46 -42 0
72 -27 -30 -34 0
5 -10 0
16 9 30 28 0
48 -46 0
30 49 0
67 27 19 0
17 31 0
71 37 0
43 -38 0 16 0
26 -18 -48 0
58 -31 -39 7 0
74 -13 1 28 0
17 27 -34 -21 0
25 42 9 0
9 -40 42 -44 0
75 -38 -9 -13 0
81 -17 -30 38 0
63 20 -22 40 0
60 11 -11 -32 0
11 -9 0
67 -17 0
4 3 38 0
45 -40 -43 0
83 -39 15 11 0
63 -32 16 6 0
7 -23 -11 7 0
15 45 0
60 24 23 0
82 16 0
97 38 -2 0
40 36 35 -41 0
61 -49 49 0
66 35 0
51 11 0
92 -33 0
9 -19 0
51 -20 0
65 29 -5 0
40 29 -0 0
1 -49 0
85 35 -40 11 0
86 7 49 44 0
40 14 0
30 49 0
71 -26 39 -7 0
58 30 14 0
15 -23 0
38 -15 10 0
65 44 20 -24 0
93 5 -28 20 0
32 48 43 -35 0
34 -44 0
11 32 0
84 11 21 0
20 38 5 0
77 36 0
43 48 13 0
68 6 -9 -41 0
57 -20 23 0
79 12 0
80 -29 45 0
63 1 46 -43 0
93 22 13 -48 0
90 -22 -13 0
50 -5 0
80 41 0
43 -18 -15 0
51 1 -12 0
15 38 14 0
44 35 0
90 37 19 27 0
21 -15 0
67 10 -40 -34 0
52 31 0
31 -2 35 -49 0
7 9 22 38 0
20 -48 -35 20 0
16 -30 0
29 -41 6 0
29 -32 12 0
48 -15 0
33 -9 8 37 0
44 19 15 0
23 13 -43 0
9 13 0
55 -20 0 0
93 -41 -43 0
82 43 -42 17 0
23 -42 0
22 -2 27 0
9 -44 39 16 0
79 -16 9 -35 0
92 -21 37 -41 0
78 -16 -49 0
67 -10 -37 0
34 -24 -14 0
45 11 0
1 6 0
25 -46 -24 32 0
13 -37 40 -19 0
52 36 -39 0
55 -29 -9 39 0
24 -10 0
88 33 26 33 0
40 12 -5 -26 0
45 -45 -0 0
12 38 -27 48 0
21 24 16 -32 0
12 -26 -16 0
32 25 0
29 7 0
95 24 47 0
14 40 14 28 0
1 35 1 -21 0
72 -14 15 42 0
66 -32 -27 17 0
76 -44 24 27 0
21 31 25 0
92 25 0
83 3 15 0
72 -8 -31 0
55 -35 8 0
19 -4 -0 32 0
49 47 0
15 -8 -30 0
58 -25 0
29 7 0
19 24 0
75 17 0
75 -49 45 44 0
70 36 0
67 48 0
46 -44 0
89 -44 -45 35 0
10 -13 22 0
25 -5 -12 0
41 41 18 0
33 -14 0
28 39 -5 0
55 -38 46 0
47 15 -38 16 0
29 -0 0
44 24 -17 10 0
71 -4 36 41 0
61 -28 9 -11 0
98 -47 28 -43 0
20 -33 -11 -0 0
64 2 26 0
46 36 -19 -33 0
2 10 0
19 42 0 -27 0
83 26 0
21 7 3 -43 0
25 -49 0
65 43 35 -14 0
91 4 0
72 -31 0
2 -17 31 0
91 9 48 0
98 14 0
3 44 -15 -17 0
98 -9 -6 0
19 1 -0 0
67 21 0
47 10 22 0
5 36 0
74 2 0
70 -19 -11 -19 0
90 -40 0
67 -24 -47 0
56 -30 -34 0
88 18 22 0
63 45 15 0 0
79 -9 -17 -8 0
72 49 15 32 0
66 22 -28 0
73 -36 8 -5 0
17 19 -2 0
41 31 18 0
37 11 37 0
18 -45 8 0
66 42 2 -10 0
8 -45 0
77 48 0
38 -32 -5 -29 0
83 6 14 6 0
23 -6 0
18 12 0 0
76 24 -19 0
88 34 0
2 -43 -23 -19 0
28 46 29 0
98 -23 0
84 -23 0
77 -11 0
10 -17 0
75 16 25 -47 0
41 -25 1 33 0
61 20 -30 -42 0
69 -38 0
52 -14 -24 0
79 -19 -0 -20 0
47 -29 28 -20 0
58 44 0
28 -18 3 0
55 -36 49 0
42 47 0
35 -31 42 0
26 28 0
4 39 0
84 -7 -34 8 0
82 12 0
21 -49 -23 0
42 -25 16 0
3 28 46 0
65 -35 40 -32 0
96 47 -44 0
67 -27 18 -43 0
25 -34 -7 -11 0
7 15 44 0
4 6 -42 0
9 -43 32 22 0
21 45 -27 18 0
94 43 0
95 0 16 0
4 -16 -30 -14 0
4 47 0
68 -9 0
40 -30 0
98 -17 0
59 -29 27 4 0
68 34 0
52 31 47 0
98 39 -48 0
91 -39 8 0
8 31 0
77 3 19 0
3 33 4 0
10 -45 0
26 6 42 -33 0
17 -41 -15 0
81 -32 -34 0
59 -10 0
60 1 0
52 29 -34 0
13 -21 12 0
83 19 -28 -19 0
97 -17 -48 0
94 -43 -18 -49 0
46 -37 14 27 0
85 -33 6 -28 0
80 32 0
78 20 44 5 0
29 11 41 -31 0
83 35 45 0
30 -33 -29 0
78 -3 -48 0
27 42 8 -8 0
94 22 -8 31 0
74 15 -29 30 0
15 26 13 40 0
26 15 5 49 0
10 16 6 -31 0
25 2 -48 19 0
86 -23 21 -31 0
73 21 22 -48 0
23 36 -16 -23 0
70 -4 12 25 0
10 36 -11 0
19 18 12 33 0
87 27 -35 0
8 42 0
84 -34 23 -16 0
30 -41 24 28 0
9 -37 0
38 5 11 29 0
28 31 21 0
69 25 -40 12 0
48 14 -33 28 0
42 2 16 -30 0
41 22 0
95 -28 0
22 -20 0
23 11 -23 -32 0
40 -28 0
85 6 -45 0
41 -21 -38 0
31 -9 -26 47 0
2 15 0
2 1 0
23 -40 11 0
81 -35 -34 20 0
33 -46 -18 0
11 -43 28 0
17 8 -41 -40 0
26 32 -11 -38 0
89 24 -11 46 0
80 49 10 0
45 -49 -30 0
58 -26 23 0
86 29 0
21 11 0
93 -30 5 0
33 15 0
57 15 -27 28 0
64 -19 0
27 30 0
86 -7 -23 0
14 39 0
21 -31 0
77 -17 5 0
81 -3 -42 0
46 9 -9 0
13 40 17 24 0
30 31 9 0
63 41 0
33 -34 0
25 -2 41 0
89 7 -20 -29 0
96 46 16 22 0
64 1 0
34 -3 2 0
55 -18 0
47 26 43 0
2 -38 31 0
24 -15 22 -31 0
1 0 0
66 18 -11 3 0
83 -10 28 0
19 31 3 0
65 42 -22 -22 0
9 31 0
70 -3 0
7 -23 0
62 -31 25 37 0
13 36 0
33 16 0
60 36 0
79 -2 0
4 36 -17 -24 0
16 -28 31 0
74 7 0
91 44 0
43 -11 -30 0
10 22 0
15 -46 -18 0
79 -29 0
13 14 0
21 -28 0
26 -19 0
92 1 9 -43 0
42 -42 1 0
72 28 -21 13 0
12 8 6 0
78 -10 0
17 -16 -28 0
97 47 -28 0
76 22 1 0
13 -30 0
98 41 0
28 11 0
43 -20 -42 8 0
92 -46 0
25 10 -0 0
51 -28 0
52 43 0
43 5 -49 -23 0
18 -21 -12 0
28 14 0
85 43 -39 28 0
27 -26 0
30 9 -17 0
15 31 -6 -28 0
22 29 -46 0
57 20 -12 13 0
83 -4 5 -21 0
29 -15 -46 -8 0
90 7 0
88 -24 -47 34 0
14 -46 0
58 33 -13 19 0
41 45 5 0
99 -23 -21 0
86 -10 42 0
66 -43 4 -16 0
2 -45 -21 0
76 34 0
34 -36 -30 16 0
89 46 0
94 38 -30 46 0
34 29 0
45 47 0
38 -39 0
65 -43 0
71 -32 0
71 44 -42 0
94 29 0
91 -40 43 0
39 11 -24 0
43 29 31 0
64 12 42 0
95 -41 -11 -9 0
22 -36 0
14 24 -15 27 0
60 -48 24 -32 0
57 44 0
75 39 0
42 9 0
74 -28 0
1 41 -2 -43 0
31 9 13 -44 0
46 45 -26 0
28 -37 -34 -20 0
22 -19 18 21 0
78 -4 7 -21 0
89 42 25 47 0
88 10 27 9 0
15 -39 5 0
58 16 48 -48 0
24 11 0
48 -39 0
56 -10 -42 -19 0
11 -34 0
34 -29 0
40 -27 0
94 -32 0
77 19 35 41 0
95 -2 45 5 0
34 40 0
23 -6 -19 -8 0
81 -42 -39 -19 0
61 -39 -16 0
15 -14 -36 0
95 9 2 0
75 -0 15 13 0
86 22 -28 -46 0
23 9 26 0
65 27 43 0
73 -5 18 -24 0
6 -42 0
24 15 -11 0
32 28 0
35 26 18 -37 0
39 6 38 5 0
33 4 -8 19 0
81 -39 0
17 -11 23 0
50 46 0
6 -2 39 0
72 7 0
17 7 0
95 -8 -12 48 0
26 -12 -0 0
37 13 37 0
50 7 0
60 -1 33 28 0
31 -36 -37 0
26 45 -47 0
84 45 -25 26 0
76 -32 2 -32 0
55 -36 -0 -39 0
63 43 -31 0
81 -25 0
84 32 34 -49 0
23 2 41 0
57 35 -5 22 0
52 -21 -8 16 0
8 36 0
50 7 0
35 -26 -9 0
51 1 25 0
92 -23 0
34 47 0
15 -13 20 0
41 24 14 0
81 6 0
68 -12 0
33 -22 40 0
64 -43 0
75 2 -16 4 0
42 46 0
21 -22 -30 48 0
56 36 -6 18 0
90 35 0
36 30 14 -28 0
89 13 0
10 -12 0
85 -10 39 0
81 -24 0
38 30 0
95 21 11 0
70 -19 0
31 39 19 0
23 17 0
13 26 -1 0
19 -14 0
91 22 0
57 -36 -24 15 0
49 -42 9 0
8 40 0
24 36 -18 33 0
55 39 10 -36 0
23 7 -2 0
47 11 0
68 15 41 -16 0
93 48 17 0
61 28 0
40 43 0
86 7 -2 -27 0
8 -33 35 0
44 -7 0
62 -45 0
45 -15 -21 -28 0
96 -19 -38 0
61 -39 0
30 38 0
86 44 0
59 -17 38 0
51 14 -1 24 0
65 -19 -17 0
8 42 32 0
36 15 0
98 34 27 0
52 31 17 22 0
30 -37 16 26 0
37 38 3 0
78 46 -42 0
77 -6 0
63 -34 -19 43 0
80 15 0
6 -27 14 -48 0
49 -37 0
6 -40 -1 0
7 -35 0
6 3 -41 0
43 41 -1 0
88 -38 34 -31 0
13 -5 -44 0
62 41 0
41 -45 0
70 39 46 16 0
11 -15 -15 42 0
68 41 5 0
32 -38 0
51 -7 0
9 32 0
95 4 28 0
95 0 -48 0
44 -47 -6 9 0
71 -26 -30 0
11 -1 -35 0
67 -32 49 0
80 -31 44 -11 0
65 -45 16 0
11 12 0
36 -38 0
51 -13 16 -2 0
76 19 -30 0
90 -6 -13 0
6 -8 0
58 -43 36 -32 0
13 -47 -43 -42 0
76 -21 -28 0
87 43 -40 -10 0
68 -23 -37 0
91 -47 -17 0 0
15 2 0
15 11 0
23 -23 0
91 -6 -13 5 0
47 1 -14 0
41 -44 43 0
21 -29 -23 0
45 -19 0
57 9 -0 -7 0
28 1 -42 0
2 48 -47 0
44 41 0
67 21 32 0
27 -23 44 -7 0
85 -44 -38 0
40 -7 -14 45 0
45 45 -4 0
21 13 0
75 11 0
27 24 0
95 34 0
58 -34 0
31 22 0
35 26 0
10 35 0
98 25 0
41 14 -6 0
76 9 31 0
41 -34 -17 0
43 10 0
52 -11 43 36 0
65 8 -25 -32 0
9 -13 0
72 -17 0
95 -3 -23 -40 0
76 12 0
34 28 -24 7 0
17 -28 0
48 29 -31 0
73 36 0
96 -16 0
19 44 37 3 0
13 -6 0
1 -46 -44 49 0
32 -23 -19 -28 0
21 8 22 0
35 -33 29 -45 0
32 2 34 -16 0
8 -16 0
45 -7 0
28 -48 44 19 0
27 29 0
67 1 -3 0
94 -5 0
55 18 -26 0
40 -48 18 1 0
41 23 -26 0
47 -29 -34 0
9 -21 0
42 -12 0
35 20 -27 45 0
26 8 18 45 0
34 -9 0
13 -1 0
85 1 0
62 -16 0
96 9 -8 0
3 1 18 0
8 18 33 0
48 25 0
79 4 0
99 7 -20 0
95 49 37 42 0
12 -12 31 0
58 15 -39 18 0
64 22 0
64 -16 0
61 -1 37 26 0
88 -47 0
72 30 44 0
31 -37 15 34 0
84 -19 -2 0
19 -12 43 2 0
30 -20 -29 37 0
42 -9 -35 0
22 -14 2 -23 0
3 -9 -25 7 0
94 -28 0
38 -5 -31 0
22 37 -18 7 0
31 -17 0
78 9 -33 34 0
34 40 18 2 0
49 -26 27 -33 0
71 30 2 -10 0
25 -47 -7 0
34 -49 18 0
63 45 5 -10 0
57 -31 -36 -25 0
35 -8 0
65 -36 0
4 -43 21 0
17 33 0 31 0
42 7 0
78 -23 -31 0
21 -19 0
89 37 41 28 0
10 -2 -49 22 0
64 1 0
5 21 0
95 -22 0
41 35 -0 33 0
28 7 5 32 0
64 36 -2 -13 0
89 47 -39 -9 0
17 31 -18 0
82 -29 0
9 28 -42 13 0
95 18 31 33 0
21 1 0
3 -49 0
36 9 -47 3 0
16 -36 29 0
30 -19 0
93 18 34 19 0
50 -1 0
39 -40 20 0
1 -16 0
24 24 5 -5 0
99 31 0
34 26 0
71 -15 -15 -36 0
96 -47 0
9 -6 -19 0
9 -8 0
18 -8 0
34 -49 -7 0
74 -8 0
70 -16 -6 -49 0
33 35 0
67 27 0
97 -0 0
24 42 9 0
45 25 8 -27 0
45 -41 0
40 46 0
35 -34 34 34 0
96 -2 15 0
52 -14 -18 28 0
92 35 -4 0
74 24 -37 0
71 -5 0
24 32 0
24 26 37 0
36 -14 -7 0
61 6 7 25 0
74 44 0
70 -48 0
5 12 32 -42 0
98 29 17 12 0
2 12 -44 0
81 -49 -26 0
33 35 -6 45 0
69 11 4 20 0
52 -13 -5 -7 0
84 11 -49 0
9 -15 0
5 38 13 -46 0
95 18 27 0
50 19 -15 0
97 -8 43 0
2 28 -36 0
4 -0 4 0 0
26 -31 0
41 20 -7 21 0
99 -3 0
63 -6 0
8 -13 20 0
85 14 -35 0
15 48 10 0
46 9 -42 45 0
47 -22 -6 -40 0
