30 290
74 -30 -27 0
87 7 0
62 -5 0
32 26 -4 12 0
78 -24 -13 5 0
89 -17 -24 -30 0
23 26 0
52 -28 0
28 10 -6 0
44 -10 -28 0
54 5 3 0
55 -26 14 0
22 -10 1 -4 0
70 10 -26 0
99 -10 -11 3 0
36 19 23 -10 0
27 -28 9 0
12 -28 0
27 -16 -22 0
2 7 -21 0
28 28 -29 0
23 -9 23 27 0
22 20 0
15 14 0
79 -12 0
52 -3 -16 0
67 4 -27 26 0
79 -11 19 0
53 -17 0
85 -29 -20 0
33 3 0
66 1 0
72 28 0
1 21 19 0
81 14 -30 0
99 -14 -10 3 0
80 25 14 0
77 28 22 0
48 -5 2 -10 0
2 -16 0
99 -27 20 0
66 -8 0
25 29 22 0
21 -10 0
86 2 11 0
89 -12 0
89 4 27 0
60 1 -23 0
45 24 0
16 6 24 21 0
30 -28 0
64 -7 -26 -29 0
41 9 0
44 22 0
74 -2 25 -4 0
16 26 0
85 30 -1 0
1 -29 1 3 0
8 -2 0
12 -21 8 -14 0
79 28 -25 -26 0
5 -21 -6 -27 0
56 15 -1 16 0
52 -22 0
79 3 0
81 22 21 -9 0
77 -1 0
96 11 5 0
5 -29 -3 -6 0
46 -26 0
46 -15 8 0
70 -11 27 0
98 1 27 -22 0
40 9 -7 0
51 -30 0
55 -16 0
84 -21 14 -29 0
27 -22 -6 30 0
5 8 -18 0
46 -4 28 0
11 -14 -20 -29 0
69 13 0
42 8 5 0
15 -6 22 -2 0
32 3 -2 8 0
25 5 0
85 5 10 -2 0
74 -9 0
69 27 0
16 4 -22 0
6 14 21 -12 0
61 11 -19 -21 0
6 -12 -23 5 0
65 30 0
57 8 0
4 -5 0
24 27 -1 0
22 -11 -23 0
38 3 0
22 -1 -3 -6 0
53 -8 -18 0
42 -19 0
34 -21 22 -20 0
16 2 -1 8 0
64 15 14 0
70 -12 -25 2 0
45 16 -4 24 0
92 -2 -30 -4 0
47 1 0
97 19 -27 0
64 19 -25 4 0
88 2 -13 0
47 -26 0
18 -29 25 8 0
2 21 -9 -20 0
82 18 -20 0
27 -21 20 3 0
15 -17 8 0
11 -21 0
1 -25 10 -22 0
99 18 0
7 15 19 0
46 13 -16 0
97 -2 -18 29 0
90 -20 -23 -4 0
52 5 0
15 -30 -14 0
32 21 25 0
65 18 -2 0
93 1 0
88 -6 17 2 0
94 -23 -5 0
74 -15 9 -4 0
87 -8 -29 0
77 22 6 -23 0
67 -26 0
60 27 -8 -11 0
21 15 11 0
42 -22 -29 25 0
44 -1 0
14 -2 -13 0
72 -30 -3 22 0
28 21 -8 10 0
88 -28 0
19 21 15 0
5 -16 0
47 -15 2 21 0
10 -28 0
83 -7 -25 0
28 -27 0
81 -14 -3 18 0
55 -5 0
2 3 -28 16 0
68 -23 6 9 0
16 -30 0
96 4 -20 0
86 -17 2 -16 0
58 -23 -13 0
59 -27 0
68 -26 0
11 -3 0
90 -22 4 0
47 30 24 -3 0
12 -15 0
86 13 0
26 18 -8 0
61 8 30 0
40 25 0
99 21 1 -28 0
8 19 -28 23 0
81 -17 0
59 16 0
99 7 0
29 23 17 20 0
26 4 29 0
26 -16 -17 0
77 -6 16 28 0
70 -15 28 0
25 -12 7 -24 0
43 24 0
22 -4 0
65 -20 -24 -2 0
42 18 10 0
91 -4 -27 0
86 -12 4 0
95 -28 -22 0
23 -1 -8 0
84 -21 -8 0
19 3 30 0
42 -11 0
37 2 10 26 0
83 -3 0
30 25 -14 12 0
75 -14 9 -11 0
43 28 -2 0
43 -17 0
55 9 26 0
44 24 0
15 15 -19 -6 0
39 1 -16 0
97 19 30 0
14 23 0
29 3 -26 -27 0
2 19 -25 -18 0
65 -12 0
10 16 -24 -14 0
51 30 0
70 -7 11 0
61 -28 0
19 11 13 0
62 3 -1 -23 0
33 1 0
38 -27 -23 25 0
16 19 0
98 30 0
53 10 0
82 -19 0
11 -13 23 20 0
4 -2 11 0
62 -28 0
42 6 0
20 -4 7 27 0
47 -19 29 -28 0
55 17 0
51 23 20 0
76 -29 20 0
7 -15 24 -12 0
86 -21 0
31 -25 0
98 24 1 -19 0
48 1 4 -23 0
33 -21 -29 -5 0
60 6 15 -29 0
31 18 22 0
74 14 -25 27 0
70 26 0
7 9 0
18 29 -27 19 0
17 28 0
15 15 0
85 -29 0
77 4 21 0
91 -6 -11 -10 0
69 -7 0
71 29 30 0
68 18 1 0
38 -8 28 10 0
21 11 -21 10 0
23 18 -10 22 0
96 -6 23 0
92 -10 0
30 -27 -24 0
70 -17 0
69 1 -21 3 0
35 -19 -9 17 0
78 -3 28 -27 0
52 -16 24 1 0
69 -24 -14 0
9 -12 0
90 -30 0
97 -2 -21 22 0
2 22 10 -2 0
75 -21 0
71 -25 -2 0
15 -9 8 5 0
25 12 0
8 -17 14 0
51 20 -29 -22 0
72 11 28 -21 0
54 -20 0
6 2 5 -20 0
52 -2 0
28 -16 0
18 3 7 0
53 5 -2 0
43 23 0
97 8 0
8 -6 22 -27 0
73 1 0
30 6 -30 0
77 3 -12 0
35 19 -21 0
67 -14 0
78 18 0
12 16 -23 0
59 -19 10 0
76 21 -15 19 0
95 12 -1 5 0
63 29 -4 0
53 24 0
