20 250
92 -9 -2 4 0
34 -11 0
18 14 0
12 -14 3 -2 0
72 -6 5 0
81 20 9 -4 0
71 -3 13 18 0
13 -11 14 3 0
49 12 0
17 11 20 -5 0
44 7 -11 0
10 -17 0
26 -11 -8 10 0
82 11 3 0
31 19 -15 0
81 12 -19 0
27 17 0
29 3 0
90 -10 16 0
28 -7 -8 0
33 -9 2 0
91 15 10 0
83 -3 15 0
1 11 -19 0
22 4 15 -10 0
19 -7 -8 0
68 -2 0
29 -14 -8 0
87 -11 -15 8 0
28 -13 3 -2 0
43 12 -9 -14 0
4 1 0
54 13 -2 0
62 -13 10 18 0
6 3 -4 -7 0
61 -12 -17 -10 0
87 10 3 6 0
32 -6 -20 0
52 19 -7 0
15 -2 4 -16 0
83 -1 0
26 -11 0
2 -8 0
33 5 0
83 8 -14 15 0
46 15 0
92 17 0
13 20 0
65 14 -17 -10 0
78 15 0
3 10 0
36 13 3 -2 0
91 -8 6 -12 0
33 10 0
96 15 17 0
33 -14 3 0
29 2 0
14 -2 12 0
6 -20 -13 0
4 20 -5 13 0
19 -7 -11 -4 0
65 -6 -19 0
81 8 19 -11 0
31 -2 20 -6 0
27 -19 0
58 11 -16 14 0
70 -20 -13 18 0
79 13 -15 8 0
98 -14 -2 15 0
10 -9 -13 -15 0
22 9 -1 15 0
97 -4 0
50 -10 0
22 13 16 1 0
9 5 6 0
97 -7 12 0
32 -12 4 0
96 10 0
34 3 -14 0
8 -4 -2 20 0
85 -13 14 0
35 -9 0
38 -18 -16 -14 0
18 7 0
32 20 0
29 -4 -19 0
98 5 0
8 -4 20 0
67 -12 17 0
16 12 0
91 20 0
13 -7 19 -9 0
55 15 -8 -14 0
2 9 5 -4 0
15 17 0
36 3 -9 20 0
26 -9 1 0
59 -9 -20 0
51 -17 0
62 15 0
74 -15 13 0
1 -7 10 -20 0
83 -20 -3 -8 0
22 -2 3 15 0
71 -8 -15 14 0
43 -10 0
77 11 0
55 1 0
81 17 -16 0
4 -16 15 0
17 -20 5 12 0
21 -2 0
84 -15 18 9 0
44 7 -14 0
41 7 -16 6 0
79 11 -7 4 0
54 -5 17 14 0
16 -13 -12 0
44 -20 0
15 -7 14 4 0
14 -8 0
54 1 13 0
48 -15 16 9 0
27 11 -8 14 0
53 3 19 0
34 14 17 2 0
7 -10 -15 0
29 -20 -16 0
65 -7 -20 0
12 -16 0
89 -7 2 14 0
27 2 0
4 4 0
38 4 17 0
28 -20 0
66 -15 0
70 13 -18 0
16 -9 -11 0
57 -10 0
49 6 0
16 12 1 -14 0
93 3 9 18 0
92 1 -4 5 0
10 -20 0
86 5 -13 -11 0
77 11 17 15 0
50 15 5 0
69 9 0
87 16 0
91 -1 11 20 0
6 -20 -17 0
41 18 8 -6 0
91 -1 -9 0
9 -20 -10 -9 0
50 -17 0
12 -9 0
12 13 0
20 5 0
43 18 0
70 3 -10 0
73 -16 11 0
52 8 6 0
58 -13 -1 0
89 8 10 -9 0
78 4 0
95 -2 5 -15 0
70 -1 0
23 3 -19 0
97 18 0
23 4 0
66 15 -20 17 0
44 15 8 1 0
54 -7 -14 0
42 12 0
65 -16 4 0
16 -17 0
21 -2 18 0
9 17 -13 -15 0
80 1 -14 0
17 -4 13 0
57 9 -4 0
61 5 0
23 -17 -2 0
95 -13 0
9 -10 -16 0
46 -14 0
38 -14 -2 9 0
1 -17 -4 0
3 7 0
85 -19 0
24 -14 -10 1 0
81 10 7 14 0
39 -11 -7 13 0
13 13 9 0
87 -3 -1 0
8 -6 2 0
34 9 -14 -4 0
40 -8 0
53 -10 7 0
34 15 0
95 -19 -15 3 0
82 9 15 0
35 4 7 0
26 -1 -13 -2 0
37 -14 0
24 7 4 -11 0
34 -19 10 0
16 4 20 0
27 -1 0
69 20 19 0
12 3 0
2 17 0
10 7 -6 0
27 8 0
38 -11 20 0
92 8 0
37 12 -7 -5 0
72 -20 -9 0
5 -13 -1 0
98 -2 -3 -7 0
79 -10 -16 0
78 4 0
16 4 5 3 0
80 -15 0
6 -5 0
56 -7 0
11 -4 -12 -3 0
3 -10 0
10 18 2 0
5 -12 8 0
98 18 3 17 0
64 -17 0
13 4 0
29 -17 -11 0
4 -12 0
80 -12 4 0
84 -17 0
47 -6 0
44 19 15 0
19 -15 13 0
24 7 14 0
9 12 11 0
38 14 0
37 -16 -5 -20 0
76 9 15 11 0
15 -19 -10 0
3 -16 14 0
38 5 -10 8 0
11 18 0
40 -7 -18 -20 0
