10 100
66 6 0
63 -2 5 0
48 -9 10 -5 0
54 -9 0
69 -10 0
64 -6 3 0
86 6 1 0
88 8 0
3 3 0
62 -5 -1 -7 0
96 -8 -10 0
73 -8 1 9 0
56 -3 0
15 -9 0
19 8 -9 0
89 9 -1 0
93 5 -1 0
24 -8 7 -1 0
73 -3 -10 7 0
13 -8 -4 -2 0
41 -3 -6 0
55 10 1 8 0
38 2 5 0
32 8 -3 9 0
52 3 0
94 -8 -10 -6 0
74 7 -5 6 0
92 -5 3 8 0
65 3 0
32 -10 0
60 -9 -2 0
24 -4 3 0
43 6 -10 0
28 -8 4 5 0
19 7 2 -5 0
98 7 -6 8 0
65 3 0
19 4 0
5 6 8 9 0
57 -7 8 5 0
58 -1 -4 8 0
96 7 6 9 0
52 1 0
85 -10 0
46 -3 1 0
38 -1 4 0
16 -1 0
83 9 1 6 0
37 -8 0
27 4 0
27 7 -10 1 0
16 -1 -8 0
11 6 2 0
97 -3 0
77 3 7 0
78 1 7 -3 0
33 3 -4 -5 0
2 -4 -9 0
56 -5 9 0
51 -2 -4 -3 0
24 1 9 0
95 -5 0
79 5 0
22 7 5 -8 0
77 -7 -9 1 0
52 4 -8 0
97 -4 -3 0
92 -9 0
36 -5 -8 0
10 -8 0
55 -8 0
35 -7 10 0
36 8 0
26 6 -8 0
36 4 -10 0
8 8 0
41 -7 1 9 0
83 4 0
7 4 0
30 4 0
57 7 -5 10 0
82 -3 -6 0
17 -6 0
15 9 1 5 0
14 -8 0
16 4 1 0
52 4 1 0
51 4 0
80 9 7 10 0
10 -3 0
74 -10 8 3 0
15 9 0
39 -6 0
99 -2 1 0
10 -5 0
27 1 -10 -5 0
53 5 0
35 5 -1 0
72 9 4 0
5 -5 4 0
