15 200
89 -9 -12 -3 0
35 -12 -15 -6 0
79 4 0
52 5 10 0
52 5 3 0
79 -4 12 -7 0
27 -11 0
56 3 0
17 -9 0
82 12 -7 0
81 8 -6 0
24 -13 7 -12 0
98 8 0
12 -5 -7 -4 0
1 5 2 0
52 -5 -3 0
17 -4 15 -3 0
91 9 15 0
65 -5 -10 -13 0
22 -5 2 0
73 -10 -11 0
76 -13 0
21 -7 2 0
36 1 -14 -6 0
1 3 10 0
25 -14 -11 0
87 10 -12 0
54 -4 0
98 5 -9 2 0
2 -5 0
37 -10 1 0
45 -15 2 0
58 11 0
52 2 0
57 -6 0
67 -2 13 -4 0
15 -12 0
54 -15 0
6 6 0
54 4 0
21 4 7 9 0
5 -10 5 15 0
74 -8 10 0
11 -15 -13 8 0
23 -13 0
98 -14 -10 0
12 7 5 0
47 -13 0
32 -3 5 -12 0
36 15 -3 0
75 -3 0
7 -4 11 0
93 12 0
4 -9 -3 -4 0
69 2 5 -7 0
55 15 0
73 -11 0
77 15 10 0
57 1 0
12 -15 -11 6 0
86 -5 10 0
73 12 14 -2 0
67 14 0
74 -2 -15 0
69 -7 1 0
7 -12 -1 -9 0
27 11 0
42 14 13 -7 0
32 4 0
26 -13 -9 0
15 11 5 6 0
44 10 -1 -4 0
61 -3 0
6 2 0
42 -15 8 -5 0
22 -15 0
5 -5 -9 2 0
82 -1 8 2 0
57 -3 6 -5 0
17 -1 -3 0
74 -15 0
90 7 -2 -11 0
10 5 13 2 0
82 14 4 0
89 -7 5 0
3 6 10 0
76 8 0
82 -6 -4 0
40 -10 -8 14 0
93 13 0
42 6 2 -10 0
59 1 9 -8 0
7 13 0
47 -13 0
40 4 10 7 0
88 10 0
20 14 -13 7 0
13 -15 0
22 -9 0
50 14 0
37 11 -10 -8 0
43 1 15 0
66 8 -2 -7 0
45 8 -1 2 0
33 -12 0
20 4 0
20 -2 0
87 8 0
70 12 8 -11 0
89 -4 15 0
66 -12 1 0
32 -4 0
87 -12 4 14 0
95 11 5 -8 0
44 11 8 0
40 3 0
44 9 0
68 -14 -1 0
79 -15 0
73 15 -8 0
32 11 -2 6 0
62 6 14 0
96 12 5 15 0
78 -5 4 -9 0
96 -6 0
47 2 -14 0
4 9 0
15 14 -10 -5 0
72 -15 0
11 -5 -6 -4 0
11 5 -2 0
68 14 -10 0
51 -14 3 0
65 1 -10 8 0
37 5 -15 0
2 -4 -14 11 0
86 5 0
55 -13 7 0
48 15 0
86 15 9 0
38 -10 -15 8 0
33 -12 -8 -1 0
86 13 0
74 -1 9 0
18 7 12 0
8 -13 0
41 -2 -14 0
29 -13 0
44 9 -6 0
19 -8 -12 -13 0
30 8 0
59 13 7 0
34 -3 10 14 0
62 -7 -4 0
30 -13 -3 0
74 3 8 0
41 -1 3 -5 0
13 -12 8 0
17 -14 0
31 -5 0
96 8 0
61 1 0
25 -5 0
45 -4 0
70 1 -13 -3 0
13 -3 8 0
51 13 0
27 -15 0
42 -8 0
44 -10 -9 0
63 13 0
18 -2 0
2 6 11 -7 0
52 4 -12 0
98 -9 0
38 3 1 0
3 4 11 0
46 -9 0
85 -13 -10 0
51 3 0
39 3 0
85 4 -5 0
26 -7 0
64 11 -1 6 0
80 1 7 -4 0
39 7 0
57 -9 13 0
68 9 0
62 12 3 0
94 -12 0
91 5 -6 -14 0
27 13 0
27 -7 6 -11 0
98 8 0
7 6 8 0
53 12 0
5 11 3 -10 0
9 -3 -14 0
59 -14 0
4 5 0
