5 100
57 -1 -3 0
25 -1 4 0
2 -2 0
61 -1 5 0
60 -1 -2 4 0
7 4 3 0
89 -4 -5 2 0
35 -1 4 0
12 5 4 0
39 4 -3 0
41 -4 3 0
80 4 5 0
90 1 -2 5 0
46 1 5 4 0
66 5 1 2 0
26 -1 0
37 1 -4 -2 0
65 3 0
64 3 4 0
61 3 0
36 3 -4 0
27 -2 4 0
27 -1 0
97 -1 0
9 3 2 0
26 -4 0
17 5 0
37 5 1 0
99 2 -5 4 0
64 1 -5 -4 0
11 1 5 4 0
60 -1 0
85 1 0
51 3 0
92 -3 -2 0
73 -3 -2 5 0
59 -2 -5 0
9 1 -4 0
98 5 4 2 0
29 2 -1 0
51 -2 1 5 0
53 1 2 0
5 4 0
25 5 1 0
63 4 0
17 -1 -4 3 0
99 -3 1 2 0
51 -1 0
3 -2 5 -1 0
78 -5 0
45 -2 0
9 -4 5 -1 0
76 -5 0
47 5 -3 0
58 4 1 0
85 2 5 -4 0
20 2 0
51 -1 -3 0
78 -1 2 4 0
29 1 0
57 5 4 0
44 -3 2 0
14 1 0
5 -4 5 0
77 -5 -1 2 0
49 -3 0
73 5 2 0
50 -1 0
14 -2 0
78 2 3 0
74 2 5 -3 0
75 1 5 0
88 5 -2 3 0
95 2 0
97 1 -5 4 0
59 3 2 0
15 2 5 0
41 -2 0
46 -2 0
88 3 1 0
42 2 0
26 4 1 0
60 -4 5 -3 0
1 4 0
72 -2 0
30 2 3 0
48 1 -4 5 0
62 4 1 -2 0
24 4 -1 5 0
59 3 -2 0
5 3 0
52 -3 4 0
61 -5 0
18 -5 4 -2 0
49 -5 3 0
51 5 -4 -1 0
6 3 0
70 -3 1 0
16 5 0
85 5 -1 0
