16 227
62 16 0
97 6 0
12 10 2 -12 0
34 -7 0
4 4 -5 1 0
48 12 3 0
26 4 0
15 11 5 -9 0
62 13 -1 -7 0
58 -12 0
46 -8 0
41 -10 0
34 2 -16 0
98 -13 4 -1 0
94 -9 -4 0
74 -16 8 11 0
3 12 16 0
80 -9 3 0
97 7 5 3 0
92 -8 0
91 -10 0
63 6 8 9 0
87 -6 -9 10 0
8 14 0
56 -13 -6 7 0
18 6 -4 3 0
59 1 -16 -14 0
90 2 6 -9 0
74 -7 0
15 14 -13 -9 0
78 -10 -6 0
81 -16 -12 0
18 -5 12 -10 0
5 -10 0
31 -4 -3 -15 0
7 -5 -9 0
71 16 0
34 9 16 0
89 -8 0
88 14 0
82 -9 0
55 -15 11 -3 0
18 -8 0
2 -9 -5 11 0
16 -14 -16 7 0
63 4 -5 0
75 4 0
93 -4 0
26 2 -7 15 0
6 -2 0
13 -9 1 0
19 12 -5 0
12 -14 -2 11 0
99 7 1 0
8 11 15 4 0
62 -6 0
82 -12 4 0
73 -12 0
76 -6 0
89 13 -1 0
33 -16 13 0
10 7 0
58 11 -9 13 0
15 -2 0
32 12 -2 -13 0
37 -13 9 0
7 13 -12 0
70 2 -10 0
83 15 13 14 0
11 -6 9 -4 0
37 -2 -1 0
93 7 0
75 -10 -6 4 0
85 9 0
50 -15 7 -1 0
27 -6 1 -2 0
94 -3 -16 0
24 7 10 -3 0
91 -1 9 0
90 -16 0
72 -10 0
76 -5 2 -9 0
60 7 0
43 -13 0
31 6 0
93 -7 6 0
96 -12 4 0
62 -4 -15 7 0
39 -9 12 0
1 15 13 10 0
43 -9 -12 0
28 10 8 0
21 -9 6 0
94 7 2 0
78 9 7 0
83 -2 0
85 -7 12 3 0
65 9 -16 0
45 -12 6 -2 0
18 10 0
98 -10 0
86 -10 0
66 -14 -8 16 0
31 14 9 0
45 4 -2 0
88 -10 0
92 -10 0
33 -5 0
1 -13 0
51 -12 10 -6 0
31 -6 0
89 -12 11 -5 0
46 -7 0
62 -1 7 0
62 -9 -5 0
63 -3 6 16 0
92 8 -15 0
26 -10 0
36 1 5 0
86 -7 0
18 12 0
18 -2 6 1 0
90 -13 4 0
61 -2 -10 -12 0
96 7 16 0
30 14 1 -5 0
21 12 5 2 0
81 3 -7 -10 0
46 -11 0
87 -3 0
85 12 -6 10 0
61 11 0
48 13 9 0
1 3 -2 -15 0
40 -5 8 0
42 -6 3 -10 0
69 -6 15 14 0
96 5 0
87 1 -2 13 0
98 3 -6 0
49 -7 -2 3 0
55 9 -8 1 0
9 -3 -7 10 0
19 11 0
26 -3 -16 -4 0
81 3 14 0
9 7 2 -3 0
99 -10 8 -2 0
68 -2 15 -3 0
29 10 15 6 0
70 -13 0
86 2 14 0
36 -11 -3 1 0
30 15 13 0
77 2 -10 1 0
31 -11 0
24 -1 6 0
59 -6 -9 0
2 16 6 0
5 -4 9 0
74 7 5 -10 0
14 1 5 -14 0
73 -12 -15 16 0
31 4 12 0
96 -7 -2 0
72 -7 -3 8 0
15 -2 -5 0
22 -9 -4 0
30 -11 -3 0
73 11 0
40 8 0
46 -2 0
6 9 16 14 0
43 -16 0
57 -9 12 0
24 -4 -2 0
73 3 0
43 10 -5 0
71 14 12 -5 0
37 -11 -6 0
69 -12 10 -5 0
96 7 -5 6 0
2 -7 -16 0
25 -4 3 15 0
99 -6 7 -16 0
80 2 15 0
22 1 -7 -15 0
3 -3 6 14 0
50 -14 -12 0
4 -15 6 -8 0
60 -7 -5 0
24 3 16 8 0
68 9 5 11 0
84 12 0
21 -9 0
7 -2 0
9 -7 -9 0
53 14 12 0
14 -5 11 0
50 5 0
64 -7 -12 5 0
25 -2 -8 3 0
90 6 7 1 0
38 -10 -14 2 0
87 10 9 0
72 -7 4 8 0
56 1 9 10 0
31 -4 0
22 -1 -13 14 0
8 -3 1 -4 0
43 10 0
84 -14 -2 4 0
48 -13 0
2 -7 16 0
77 -16 11 0
7 9 5 0
53 -10 14 0
7 -7 -4 0
45 -13 -8 16 0
29 6 16 0
32 3 0
89 -3 0
31 -4 1 -11 0
72 -11 0
95 5 0
43 -10 0
62 6 -16 0
