15 227
15 10 11 -13 0
14 8 -15 -5 0
70 -13 -14 -7 0
99 -15 -14 0
4 10 1 0
63 -3 5 0
40 6 9 0
19 2 -7 0
58 -15 0
63 4 -12 0
26 3 0
72 8 6 0
9 12 2 0
86 -8 2 -6 0
73 12 0
29 -14 4 11 0
55 2 10 0
30 -1 0
52 -8 -2 7 0
4 -3 4 0
25 13 1 -2 0
53 -12 -11 1 0
54 -9 15 4 0
84 -8 0
1 -6 5 15 0
82 8 -11 0
77 -3 -9 2 0
57 5 -12 0
95 -7 5 0
17 8 15 0
67 -11 -8 14 0
19 -1 -7 0
61 6 3 -15 0
79 -8 -1 0
97 -7 0
82 11 -1 12 0
53 4 -11 0
96 -15 3 13 0
95 14 0
41 -13 -15 1 0
39 6 -15 0
66 -6 9 -13 0
34 -8 0
22 9 0
89 -2 5 0
6 15 -11 0
40 -3 -12 0
54 4 -1 0
8 9 4 1 0
8 -5 2 0
15 -2 0
82 -4 -3 13 0
1 -11 -6 0
48 -12 -8 0
51 13 -3 2 0
51 -10 -1 8 0
57 -7 13 0
93 9 0
69 2 -1 0
94 -3 10 0
1 14 0
38 -3 -9 0
63 -12 0
6 -10 -2 -4 0
61 -15 0
78 -1 -13 0
42 -3 0
90 -7 10 0
27 -10 -4 13 0
38 15 0
23 8 15 3 0
28 7 0
56 10 0
44 10 2 0
1 15 1 12 0
84 -5 9 0
71 -8 -13 6 0
92 -5 0
63 -1 2 -15 0
27 13 0
24 -14 0
93 -6 0
55 -10 0
76 12 7 -1 0
76 -4 -7 0
11 8 0
85 7 -8 11 0
2 3 -11 -9 0
80 -15 0
1 -14 13 0
80 13 -2 0
75 -8 -12 -5 0
63 -12 0
6 -8 3 -1 0
21 10 11 6 0
99 -4 13 0
76 -5 12 -15 0
21 -12 -7 -5 0
54 -2 13 0
57 12 0
94 -14 15 -8 0
96 3 0
48 10 0
52 -8 0
81 -5 0
59 5 -14 12 0
78 -14 -11 5 0
55 -11 14 0
52 14 -6 10 0
42 13 -3 1 0
42 -9 1 -10 0
19 12 -14 -6 0
7 6 8 0
71 -2 8 0
30 -11 0
64 -15 9 0
45 5 -7 0
29 5 11 0
85 -6 0
12 -15 -8 -10 0
21 -15 -10 0
88 -13 -9 -7 0
63 -10 14 0
46 -12 8 0
86 -10 2 0
79 6 0
87 8 12 7 0
70 -2 0
34 5 0
9 10 2 0
87 10 14 0
72 11 2 9 0
86 8 -5 4 0
47 -11 -15 0
66 -12 -3 0
57 1 -3 0
54 -10 0
15 -9 11 0
73 1 -10 0
1 -14 9 -3 0
71 -1 -5 0
52 12 -11 -15 0
96 11 -13 0
34 6 12 0
83 -2 -11 0
41 8 2 -3 0
67 12 11 0
24 9 4 0
82 1 0
73 11 -10 0
15 8 -13 0
12 15 -5 -3 0
6 6 3 -7 0
22 -3 0
57 6 10 0
62 -8 -10 -15 0
99 -3 4 0
20 -1 0
40 1 -7 0
38 -5 -12 13 0
82 -13 -12 -11 0
47 2 0
23 15 9 -7 0
77 -7 3 0
49 -10 -2 0
56 -3 0
24 -8 0
74 5 0
54 -3 6 0
24 -9 4 0
66 7 -10 0
87 -7 0
4 -11 -1 0
35 -12 0
96 3 5 0
38 13 3 -10 0
99 -13 0
8 -6 0
51 -5 -4 0
97 10 0
17 11 0
44 -7 0
74 -4 -9 -1 0
2 1 0
84 9 -10 -2 0
30 2 7 -15 0
70 -3 0
93 5 15 11 0
27 12 5 0
62 -8 -1 7 0
96 13 10 0
16 -9 -13 15 0
12 -13 0
27 9 5 15 0
70 -10 12 -5 0
2 14 2 0
8 -13 3 0
79 5 -10 -9 0
90 -13 -15 -10 0
15 -1 -8 5 0
70 -2 -4 -8 0
83 -9 0
13 -1 9 13 0
67 -10 0
16 3 -1 13 0
47 -8 2 7 0
98 -4 0
73 12 0
28 8 -9 -5 0
73 3 13 -4 0
80 12 0
40 -13 4 -10 0
42 15 0
96 -8 0
21 -5 0
72 15 -11 0
50 7 0
99 14 -5 -7 0
84 -8 0
10 4 0
69 -9 0
89 -4 0
58 5 -3 6 0
92 5 -14 0
69 10 0
45 6 -13 0
20 -11 3 -1 0
