18 237
31 -5 0
7 6 0
81 5 6 0
92 -6 0
23 -2 1 0
23 8 0
75 -16 0
68 -7 0
79 4 0
93 3 0
98 11 -9 0
13 -14 0
45 11 -2 -15 0
69 -9 -13 14 0
61 5 -12 0
96 17 -10 2 0
80 -14 3 0
32 10 -2 0
48 8 18 0
23 -13 14 -12 0
48 15 0
11 -2 0
64 -12 -4 -5 0
13 -7 16 0
83 -2 0
38 7 3 0
78 -15 4 3 0
2 -17 14 -13 0
26 3 0
15 10 16 -12 0
95 -8 -12 3 0
54 -8 -12 6 0
40 9 0
96 -13 -11 0
44 6 -7 0
4 -17 18 0
19 -1 7 0
63 -15 9 10 0
25 -4 0
6 14 -8 -1 0
59 8 -16 0
63 13 6 0
51 8 -7 -15 0
35 -8 0
63 -15 0
45 16 11 -7 0
89 -18 8 0
16 7 -6 -2 0
31 -16 0
38 -18 10 0
30 15 0
85 10 0
3 -8 12 0
56 4 -16 0
24 -4 15 -8 0
97 3 0
89 -10 8 0
21 -18 10 0
11 -14 13 -5 0
79 8 3 10 0
25 -13 0
99 14 0
86 1 0
85 4 10 0
45 -7 18 0
87 -12 0
28 -16 -13 -8 0
92 18 -16 -15 0
68 6 14 2 0
4 10 0
69 -15 10 17 0
90 -9 17 0
22 -8 14 -6 0
91 -4 -10 0
50 13 7 0
76 -3 -14 0
99 16 5 0
60 2 0
12 11 0
29 -9 0
15 -16 18 0
87 -1 0
55 7 0
32 -5 0
91 -12 3 0
73 1 2 0
75 -12 7 0
12 -9 0
88 -2 15 -6 0
84 10 0
76 -7 0
47 12 0
32 4 -13 -15 0
80 -11 12 -14 0
44 -7 -11 0
77 -7 -16 -8 0
59 -11 0
68 13 4 -2 0
77 -6 0
81 16 0
58 -18 5 -16 0
76 12 11 16 0
38 -14 15 0
24 13 0
14 18 7 0
62 -5 -17 2 0
36 -1 0
3 -18 0
91 -5 0
19 11 0
30 7 0
55 -14 -4 0
36 13 -8 9 0
44 -4 -13 6 0
35 5 7 0
23 17 -7 0
25 -1 0
41 5 6 1 0
58 6 0
23 -1 0
77 10 -3 0
67 -10 -3 0
92 -3 0
43 8 -14 0
32 3 12 0
36 -17 0
17 -12 -2 0
16 -5 -14 -17 0
48 1 -14 16 0
8 12 -5 -1 0
64 -18 0
44 -13 0
80 -10 5 -13 0
14 -9 -14 -16 0
3 -13 0
85 2 15 0
73 11 0
99 11 0
80 13 -10 -11 0
76 5 -16 -18 0
73 18 0
50 -7 16 12 0
84 3 0
43 9 11 0
49 7 -13 0
38 9 -4 -17 0
81 -15 1 0
71 10 -18 0
94 -10 -9 14 0
92 14 -18 10 0
98 6 13 0
56 -9 -12 0
81 3 18 -12 0
60 1 0
13 7 -14 13 0
94 -5 0
19 6 0
41 4 0
9 -9 0
46 -11 4 10 0
75 -11 10 0
41 -3 6 0
13 7 6 -5 0
33 17 0
21 -2 18 0
75 -4 15 0
4 3 0
35 5 -15 -8 0
27 -10 -7 -8 0
4 11 0
51 -12 0
14 9 0
32 13 17 0
14 6 10 0
75 -14 0
34 12 -9 11 0
78 -3 7 -16 0
55 5 0
23 -7 0
16 11 -13 5 0
81 18 0
46 -18 -10 0
14 8 -16 0
8 5 13 -10 0
59 -16 -6 0
43 15 -8 3 0
46 -4 0
15 3 17 0
45 -3 0
99 -1 0
93 13 -14 0
26 5 0
14 -18 14 0
13 12 0
17 -13 8 0
68 5 0
47 17 -10 0
74 17 -7 6 0
66 15 0
88 9 0
47 12 9 0
19 -18 -8 3 0
64 -13 -3 2 0
68 11 -4 -18 0
55 14 0
15 7 -12 6 0
22 13 18 15 0
98 -9 7 0
29 6 0
54 16 -15 13 0
5 -5 0
29 -12 16 -1 0
13 6 -8 0
19 -2 4 0
63 -9 0
92 11 5 0
27 18 0
90 -4 -7 -12 0
42 3 -7 0
69 -2 0
11 6 -10 -13 0
10 18 -5 -3 0
13 1 0
16 6 0
42 -18 -1 13 0
35 9 0
49 -10 -13 8 0
79 2 -15 0
86 -11 -7 0
1 -15 3 -8 0
68 4 -1 0
71 -3 7 0
86 7 -8 0
46 17 0
47 10 0
33 -11 18 0
72 10 0
