30 100
29 -29 0
17 10 0
51 23 0
98 7 -23 0
46 25 4 0
33 -14 0
25 -6 0
2 25 0
29 23 0
32 11 0
62 -13 0
80 23 0
34 17 0
85 16 0
37 -25 0
21 -10 0
76 -6 0
65 16 0
24 2 0
65 -29 0
67 16 0
68 -11 0
56 25 -8 0
22 -19 -11 0
64 -22 0
21 26 0
12 -23 0
74 -20 0
44 15 0
1 -20 0
73 -23 0
42 17 0
70 -7 0
54 28 0
68 24 0
87 -10 0
46 -17 0
7 -1 0
95 -27 -11 0
41 -6 0
73 -28 0
91 -5 0
12 20 0
8 -15 0
77 3 0
98 -14 0
66 29 0
33 -30 0
81 -27 0
11 -1 -9 0
13 -26 -17 0
49 15 0
10 22 0
14 -9 0
39 -9 0
46 -15 0
21 3 -18 0
41 15 0
72 8 0
8 25 0
48 2 0
26 13 0
53 10 0
34 -21 0
4 5 0
64 -11 0
70 -7 0
69 30 0
94 -3 0
22 30 0
52 15 0
20 26 0
13 -19 0
95 -26 0
85 -9 0
58 22 -30 0
69 22 0
11 24 0
18 -25 0
40 -12 0
36 -23 0
53 1 0
31 4 0
98 14 0
77 -22 0
20 -8 0
36 -21 0
13 -21 0
27 -27 0
49 1 0
29 25 0
29 -17 0
67 25 0
29 15 0
44 -2 0
6 -13 0
84 15 0
73 25 0
68 21 0
63 -25 0
