50 100
10 -26 0
60 -25 -34 0
58 -41 2 0
60 -26 -45 0
63 29 0
14 9 18 0
88 24 15 0
79 -30 -24 0
35 -30 3 0
11 37 13 0
45 -32 17 0
36 44 0
36 -49 0
83 39 -2 0
40 7 -40 0
90 -36 0
95 -26 -32 0
35 -19 0
84 -27 0
85 38 -14 0
8 25 -35 0
60 -44 0
64 -46 -13 0
66 36 6 0
78 -3 0
21 -29 31 0
66 -13 23 0
77 8 3 0
55 32 -4 0
25 14 0
82 48 0
69 -40 44 0
74 32 1 0
57 -29 12 0
37 41 15 0
82 -25 0
68 16 0
99 -38 0
81 6 -48 0
93 15 0
93 -19 0
34 22 0
61 -15 -43 0
93 -10 0
65 17 -31 0
93 29 11 0
64 -22 43 0
56 -31 1 0
59 6 0
95 48 0
13 -35 0
56 27 0
81 11 0
57 47 28 0
24 -28 0
69 18 0
1 31 -44 0
9 -45 -10 0
99 -8 -36 0
48 27 38 0
23 -20 0
65 -38 -11 0
4 -18 0
90 -47 0
33 30 0
62 10 0
41 14 0
23 -3 0
27 -43 0
6 14 10 0
19 42 41 0
63 -17 -35 0
33 -16 0
17 27 -5 0
36 -25 -3 0
48 -18 0
17 48 0
86 -22 0
39 -31 0
46 -49 0
74 -36 8 0
71 50 -22 0
23 -50 5 0
1 45 0
56 9 -17 0
17 15 -41 0
57 -26 0
18 -26 45 0
4 24 0
27 44 0
21 -4 -15 0
8 36 -7 0
9 -28 0
18 -39 18 0
11 -29 0
43 -2 11 0
62 -28 0
87 -8 0
91 -1 42 0
21 40 19 0
