200 1400
82 -7 0
71 -22 0
66 -175 0
48 -189 0
9 -35 0
76 -63 164 0
63 108 0
73 52 0
66 -70 0
84 -187 0
73 -116 0
8 54 0
74 142 0
84 100 0
52 21 0
93 121 0
67 21 0
6 -84 0
22 87 -127 0
21 -117 0
20 -101 0
11 70 0
29 -125 0
1 106 0
55 172 0
85 160 0
1 -135 0
40 182 0
65 -152 0
58 175 0
57 -99 -158 0
66 -66 0
56 165 0
55 96 0
6 161 0
87 152 0
8 -136 0
91 -156 99 0
33 99 0
52 -174 0
47 22 0
6 74 0
27 -22 0
98 25 0
22 83 0
83 29 0
86 -61 0
40 -32 0
98 80 0
21 -199 0
31 -23 0
86 178 0
78 3 0
11 41 0
35 107 0
17 -67 0
1 -152 3 0
67 123 0
16 71 -85 0
61 51 0
83 -71 0
59 -125 0
99 -155 0
18 -169 0
80 -137 0
70 33 0
74 182 0
62 -89 0
61 -22 0
60 159 40 0
55 -170 0
78 106 0
90 34 0
81 -64 0
17 -177 0
11 -135 0
42 -75 0
94 -98 0
1 -45 0
26 80 0
89 -10 0
7 7 0
60 94 0
67 80 0
52 103 0
48 196 0
19 138 0
77 -38 0
57 109 23 0
80 1 0
67 168 0
27 9 0
25 -164 0
44 153 0
70 -160 0
64 -48 0
13 20 0
3 -101 0
79 -164 0
16 -32 0
22 115 0
4 -145 0
73 95 0
78 16 0
72 -83 0
98 15 0
22 -190 0
33 -199 0
24 -111 0
8 -53 0
72 164 194 0
39 13 0
4 105 0
55 -7 0
62 -103 0
32 -15 0
23 -133 152 0
14 -113 0
15 186 0
63 179 0
46 87 0
62 -191 0
90 -179 0
51 -4 0
79 162 0
58 2 0
57 75 0
70 131 0
72 97 0
27 128 0
84 2 0
68 -193 0
98 -86 0
86 104 0
60 14 0
31 129 0
18 -83 0
27 -70 0
11 -142 0
45 95 0
91 80 0
49 -186 0
9 13 94 0
39 -70 0
74 52 0
52 176 0
60 78 0
49 182 0
70 11 0
85 -183 0
8 -1 0
6 73 0
59 -125 0
70 102 -54 0
4 -104 0
75 36 0
55 116 0
18 49 0
59 116 0
63 -174 0
88 -86 0
54 -21 0
57 163 0
63 -164 0
98 134 0
85 21 0
92 -191 0
24 166 0
2 -188 0
97 -39 0
79 156 0
99 128 0
21 13 0
84 -163 0
72 149 0
39 137 0
26 66 0
83 -90 0
97 -31 -116 0
90 171 0
35 -3 0
91 49 0
89 101 0
21 -77 0
19 94 0
28 -110 0
4 19 0
85 -141 0
22 117 0
9 -83 0
30 -187 0
1 -92 0
38 87 0
76 162 0
17 133 0
71 -184 0
68 -180 0
64 -122 0
36 56 0
26 24 0
66 -52 0
17 -82 0
76 -191 0
46 101 0
69 188 0
72 -148 0
9 196 0
58 144 0
48 159 0
28 -165 0
73 121 0
79 -143 0
29 -4 0
69 99 0
65 -7 0
35 149 0
14 33 0
89 110 -103 0
77 -155 0
94 18 0
8 -49 0
62 9 0
64 -83 0
69 -30 0
19 102 0
62 131 0
64 -110 0
44 28 0
47 -80 0
47 42 0
8 184 0
15 42 0
28 -146 0
54 -94 0
84 -175 0
25 -32 0
8 -31 0
56 -134 0
85 55 0
98 -53 0
54 -43 0
68 87 0
2 -108 0
91 143 0
89 -124 0
15 68 0
85 7 0
54 -34 0
45 -105 0
53 82 0
22 -28 0
89 76 0
34 -132 0
70 -48 72 0
36 18 0
19 -64 0
19 -103 0
60 -192 0
87 87 0
77 -13 0
83 182 0
76 35 0
85 153 0
38 -108 0
18 156 0
59 -98 0
51 -70 0
42 155 0
17 134 0
14 83 0
49 191 0
62 16 0
9 -33 0
20 -143 0
72 161 0
46 46 0
56 18 0
5 91 0
9 37 0
85 -93 0
47 -181 0
62 -89 0
19 -21 0
45 -31 0
68 72 -51 0
22 -194 0
3 -66 0
60 155 0
42 176 0
38 134 0
64 -182 0
40 -71 0
1 -57 0
25 -12 0
78 -127 0
78 152 0
22 -149 0
42 110 0
37 52 0
31 154 0
36 -93 0
12 -13 0
23 41 0
74 73 0
20 -70 0
1 -190 0
89 194 0
98 86 -60 0
91 185 0
83 -136 0
29 -147 0
3 168 0
68 88 0
85 160 0
51 -103 0
6 169 0
56 -123 0
25 -5 0
12 43 0
39 -16 0
97 15 0
40 -199 0
84 107 0
14 -29 0
62 103 0
59 46 0
78 -190 0
78 127 0
53 -131 0
58 -40 0
84 24 0
32 2 0
66 101 0
11 -196 0
45 1 0
15 171 0
66 -122 0
84 160 0
1 15 0
98 -181 0
84 -109 0
14 -106 0
45 -103 0
97 82 0
25 146 0
15 -77 0
29 -4 0
50 -125 0
67 -65 0
45 119 0
82 -10 0
87 120 0
42 37 0
61 86 0
14 146 0
77 48 0
69 100 0
23 69 0
76 -72 0
9 -14 0
37 -78 0
70 -99 0
80 36 0
92 83 0
58 111 0
85 87 0
17 -32 0
78 -199 198 0
10 143 0
29 -189 -132 0
12 22 0
2 174 0
80 142 0
83 152 0
51 188 0
64 182 0
75 170 0
65 -173 0
79 -77 0
83 -13 0
9 10 0
65 5 0
64 -22 0
6 66 0
97 76 0
56 -183 0
48 -21 0
59 -57 0
78 -150 0
20 70 0
27 196 0
97 -81 0
89 -166 0
20 -97 158 0
96 -150 0
84 -196 0
84 -144 0
31 -118 0
94 136 0
24 -106 0
5 149 0
28 -43 0
41 57 0
73 -105 0
81 -15 0
68 37 0
61 5 0
74 -132 0
64 -64 0
43 169 0
58 -31 0
46 171 0
69 -128 0
10 -78 0
96 -54 0
61 93 0
29 -60 0
22 -22 0
28 -149 0
22 104 0
69 -48 0
15 153 0
80 -142 0
3 178 0
16 -17 0
85 175 0
3 14 0
8 61 0
16 -88 0
61 88 0
86 56 0
35 -51 0
6 -173 0
61 -64 0
17 -38 0
64 -178 0
34 -41 0
37 -200 0
60 -98 0
45 191 0
37 102 0
28 81 0
20 106 0
38 -30 0
5 -181 0
11 -114 0
96 -141 0
88 -194 0
37 12 0
60 -91 0
20 192 32 0
27 146 0
72 -127 0
60 -66 0
11 30 0
7 184 0
25 69 0
54 17 0
74 -22 82 0
86 13 0
64 60 0
77 -25 0
33 77 0
66 -127 0
23 63 0
85 146 0
58 -20 0
41 66 0
63 -121 0
66 134 0
42 -6 0
7 -133 0
46 -196 0
16 47 0
4 -45 0
60 -98 0
40 38 0
2 149 0
18 -148 0
15 157 0
77 -49 0
89 -81 0
78 -85 0
84 172 0
79 151 0
26 -115 -53 0
63 -46 0
44 -86 0
59 -190 0
88 -38 0
66 16 0
97 47 0
51 52 0
7 163 0
5 12 0
92 -134 179 0
69 -175 0
88 189 0
42 -144 0
53 56 0
75 106 0
21 -104 0
71 145 0
80 -56 0
39 -92 0
46 130 0
67 128 0
63 71 0
70 129 0
60 -128 0
18 108 0
44 152 0
72 -53 0
87 -72 0
68 -124 86 0
67 122 0
52 10 0
8 161 0
16 103 0
38 155 0
12 -38 0
51 189 -110 0
6 155 0
26 180 0
28 -129 0
93 22 0
22 -54 0
74 136 0
32 67 0
95 -174 0
86 164 0
20 65 0
43 -66 0
45 -114 0
22 31 0
73 168 0
91 -47 0
21 -60 0
47 166 0
39 149 0
38 -36 0
89 -189 0
17 -165 0
48 -152 0
58 -99 0
28 -181 0
12 -172 0
53 -179 0
54 169 0
1 157 0
40 -36 0
65 -193 0
6 -6 0
46 183 0
79 -38 0
95 123 0
70 -198 0
92 -174 0
89 93 0
78 52 0
84 148 0
53 -115 0
61 194 0
17 119 0
65 45 0
26 -90 0
17 178 0
45 119 0
10 -23 0
3 166 0
29 39 0
29 -110 0
4 -53 0
10 147 0
38 186 0
47 189 0
76 -183 0
11 -49 0
56 102 0
69 75 0
82 170 0
50 195 0
46 44 0
21 96 0
42 176 0
63 -188 0
64 -68 0
72 -78 0
88 -14 0
38 -142 0
90 107 0
63 187 0
73 58 0
84 -40 190 0
78 1 0
34 -133 0
37 45 -57 0
46 14 0
78 -20 0
7 56 0
3 154 0
71 112 0
89 125 0
95 131 0
75 -145 0
35 -192 0
21 17 0
94 -33 0
68 30 0
61 127 0
6 -127 0
20 -96 0
62 -119 0
72 168 0
64 -97 0
6 79 0
78 -3 0
42 158 0
30 114 0
93 -109 0
59 -39 0
78 -176 0
13 129 0
61 185 0
3 84 0
23 -43 0
59 181 0
6 -64 0
83 -177 0
91 125 0
39 -61 0
46 -54 -89 0
87 -83 0
68 -145 0
69 136 0
71 -53 0
45 -64 0
6 -198 0
98 131 0
31 -66 0
30 -171 11 0
63 30 0
53 187 0
28 -13 0
36 -129 0
93 -5 0
22 -166 0
8 -50 0
53 64 0
44 -119 0
54 -152 0
16 -65 0
99 -159 0
57 110 0
79 -31 0
86 -27 0
39 58 0
51 154 0
49 -71 0
58 163 0
22 183 0
26 -157 0
79 -75 0
58 -63 0
31 -114 0
76 -175 0
83 33 131 0
96 -68 0
15 143 0
65 -86 0
33 -123 0
99 -190 0
26 55 0
79 121 0
44 151 0
26 196 0
55 -102 0
32 -186 0
52 26 0
32 -47 0
34 -102 0
47 82 0
18 11 0
26 -200 0
65 190 0
32 103 0
47 42 0
24 -191 0
96 125 0
23 -189 0
70 -190 156 0
74 89 0
14 133 0
52 26 0
49 -38 0
88 -116 0
72 -200 0
34 143 0
49 8 -100 0
88 175 0
3 102 0
14 89 0
19 -199 0
86 54 0
47 -44 0
27 -89 0
95 156 0
61 -155 0
13 -94 0
23 68 0
58 -118 0
97 152 0
22 60 0
15 -61 -88 0
89 49 0
85 31 0
61 129 0
28 -94 0
79 8 0
17 -70 0
27 -44 0
48 -39 0
83 29 0
77 -100 0
75 40 0
40 -140 0
21 148 0
90 130 0
75 193 0
39 56 0
34 -67 0
63 -36 0
10 130 0
59 -24 0
96 -152 0
5 -45 0
81 -54 0
75 -174 0
34 64 0
27 170 -125 0
84 -168 0
7 102 0
33 -137 0
99 -146 0
16 15 0
95 23 0
85 21 0
29 74 0
66 122 0
81 95 0
92 -199 0
4 -117 0
44 -164 0
33 -194 0
25 22 0
52 47 0
40 -139 0
89 64 0
81 72 0
31 24 0
95 -96 0
96 -113 0
72 100 0
76 19 169 0
34 -141 0
14 -169 0
65 134 0
40 -112 0
50 -39 0
41 20 0
4 -132 -173 0
67 -162 0
41 -89 0
10 73 0
76 -167 0
30 110 0
5 113 0
70 -45 0
58 63 0
19 193 0
40 -102 0
55 146 0
53 152 0
69 -91 0
17 -122 0
44 -197 0
65 -10 0
89 -128 0
56 29 0
45 -38 0
17 30 0
21 -118 0
19 198 0
14 -112 0
90 -111 0
99 133 0
66 -19 0
44 -177 0
67 -162 0
73 162 0
87 -170 0
50 115 0
95 100 0
22 41 0
4 156 0
9 54 0
85 -164 0
46 81 0
20 140 0
6 -151 0
26 -120 0
48 -78 0
47 -60 0
34 -2 0
48 -182 0
66 192 0
10 -23 0
47 139 0
84 -14 0
40 189 0
79 -182 -64 0
28 53 0
15 -200 -130 0
84 -165 0
9 56 0
45 -14 0
67 -28 0
80 92 0
73 -112 0
80 -98 0
28 -199 0
85 -133 0
84 71 0
53 -68 0
10 -21 0
85 158 0
97 -2 0
16 83 30 0
54 -196 0
28 124 0
25 -87 0
93 64 0
16 98 0
55 -147 0
37 -25 0
40 -174 0
42 139 0
89 -4 0
83 54 0
21 43 0
53 11 0
55 -85 0
72 -53 0
98 -19 0
56 -190 0
86 -171 0
77 -30 0
60 35 0
59 -142 -154 0
1 38 0
79 -52 0
84 7 0
54 -74 0
13 183 0
43 106 0
83 39 0
88 -24 0
61 28 0
48 -138 0
40 86 0
20 -72 0
31 -161 0
84 -20 0
79 136 0
32 18 0
18 155 0
55 -42 0
18 -120 0
89 41 0
95 -184 0
55 -120 0
74 -169 0
20 -32 0
73 -125 0
65 113 0
94 180 0
83 -145 0
34 58 0
25 198 0
1 -165 0
61 -188 0
15 47 0
37 -179 0
76 68 0
55 48 0
1 147 0
85 -125 0
5 67 0
13 -154 0
5 -84 -110 0
71 -171 0
57 57 104 0
78 -179 0
34 -79 0
54 -76 0
98 -101 0
43 13 0
47 198 0
91 -65 0
6 -88 0
66 186 0
19 -178 0
32 -43 0
26 131 0
9 -9 0
81 -40 0
10 3 0
4 198 0
6 -115 0
25 195 0
32 -174 0
44 -50 0
81 -81 0
45 -145 0
8 22 142 0
77 2 0
28 61 -62 0
42 -41 0
71 110 0
94 -170 0
66 117 0
26 43 0
22 -11 0
96 -61 0
73 83 0
86 -46 0
68 -40 0
65 -141 0
63 -98 0
41 146 0
34 -164 0
94 -121 0
53 -24 0
87 -109 0
97 -69 109 0
86 -18 0
69 -169 0
93 28 0
21 -62 0
78 -179 0
89 155 0
79 -181 0
78 -185 0
83 108 0
22 69 0
2 23 0
60 -110 0
37 25 0
69 47 0
34 180 0
89 -43 0
23 142 0
28 -123 0
3 94 -181 0
98 -44 0
88 36 0
3 -70 0
44 -191 0
39 3 0
37 184 0
89 114 0
79 140 0
25 -67 0
27 -58 0
1 149 0
54 14 0
27 117 0
60 -109 0
83 -174 0
43 -189 0
37 157 0
69 50 0
65 121 0
86 -154 0
67 82 0
28 39 0
5 194 0
23 76 0
12 -155 0
68 8 0
58 102 0
29 134 0
18 -115 0
46 20 0
53 159 0
37 -123 0
98 85 0
54 -163 0
28 -186 0
1 -50 0
32 151 0
66 172 0
46 -177 0
31 -174 -128 0
90 102 0
28 136 0
3 -105 0
48 20 0
92 -30 0
5 -94 0
52 -146 0
90 -185 0
94 76 0
93 -173 0
22 76 0
99 -35 0
57 175 0
72 -148 0
6 11 0
36 182 0
69 -137 0
29 114 0
29 -115 0
65 -175 0
91 68 0
63 81 0
90 127 0
9 79 0
73 -20 0
41 30 0
87 129 0
53 74 0
36 107 0
76 -121 0
76 198 0
63 49 0
34 170 0
85 -187 46 0
21 -18 0
40 154 0
78 -148 0
80 113 0
89 -162 0
68 24 0
7 19 0
95 184 0
21 -2 0
4 -166 0
56 -31 0
44 -46 0
26 55 0
36 -137 0
45 -162 0
96 2 0
82 -134 0
99 -187 164 0
87 63 0
81 104 0
92 -42 0
59 134 0
64 170 0
57 -15 0
68 14 0
26 145 0
58 9 0
95 64 0
96 4 0
1 -121 0
57 174 0
79 -144 0
26 -123 0
49 -196 0
86 125 0
34 -184 0
18 196 0
44 -164 0
69 103 0
10 115 0
91 127 0
53 -18 0
99 -87 0
25 148 0
14 31 0
14 117 0
95 -185 0
16 106 -87 0
42 -106 0
65 130 0
93 32 0
32 -72 0
31 -70 0
83 120 0
22 37 0
67 -152 0
28 63 0
2 200 0
45 5 0
12 -75 0
35 109 0
5 -97 0
35 182 0
43 104 0
98 -69 0
49 16 0
66 -117 0
65 39 0
10 124 -80 0
39 57 0
49 -163 0
94 -147 0
71 33 0
84 183 0
24 33 0
51 -4 0
89 -42 0
44 122 0
15 136 0
94 128 0
84 -1 0
83 58 0
64 -70 0
56 -38 0
20 -157 0
69 -195 0
33 61 0
86 -147 0
80 173 -186 0
66 -71 0
93 -161 0
24 194 0
15 130 0
1 183 0
60 26 0
15 100 0
69 -56 0
57 -134 0
93 -181 0
27 104 0
89 -168 0
40 158 0
13 -83 0
6 -24 0
81 -37 0
79 -31 0
22 173 0
75 194 0
97 109 0
57 -171 0
17 57 0
82 4 0
33 74 0
41 142 0
87 55 0
58 190 0
81 44 -115 0
4 19 0
21 -169 0
38 -124 0
3 51 0
4 -67 0
63 -171 0
60 -115 0
19 171 0
39 -168 0
34 -3 0
70 167 0
9 132 0
23 -2 109 0
65 -7 0
14 27 0
47 140 0
47 98 0
33 -75 0
82 1 0
96 84 0
57 -97 0
19 -88 0
76 -192 0
78 64 0
99 179 0
32 16 0
95 -123 0
94 136 0
33 -157 0
99 -5 0
94 158 79 0
96 -86 0
56 -166 0
38 173 0
27 140 0
85 40 0
48 98 0
54 5 0
27 -62 0
61 103 -170 0
35 -130 0
64 88 0
85 -96 0
51 126 0
1 49 0
48 146 0
12 -154 0
27 -126 0
15 52 0
26 -130 0
43 -62 0
99 -104 0
24 -140 0
55 -44 0
75 19 0
59 178 0
50 -58 0
39 -19 0
82 113 0
77 -114 0
39 3 0
51 -102 0
35 -198 0
56 -57 0
71 21 0
67 -127 0
11 50 0
31 158 0
95 -17 0
64 130 0
96 179 0
69 -122 0
69 92 0
81 -164 0
93 98 0
15 -3 0
18 -66 0
59 -134 0
10 138 0
20 144 0
79 -195 0
3 45 0
12 -43 0
88 50 0
48 98 0
1 142 0
23 -67 0
12 -85 0
75 85 0
46 77 0
26 -160 0
88 144 0
88 195 0
54 -76 0
54 157 0
94 -10 0
82 -156 0
99 122 0
95 -72 0
68 -50 0
48 107 0
51 -100 0
29 -114 0
25 -77 0
21 -139 0
36 -90 0
70 -84 0
32 -1 0
83 -22 0
78 165 0
40 -92 0
25 10 0
34 14 0
7 -34 0
87 185 0
37 -182 0
41 197 0
27 53 0
92 -191 0
51 -168 99 0
54 -35 0
71 36 191 0
87 174 0
2 -67 0
52 7 0
99 -24 0
16 -47 0
40 56 0
37 158 0
50 -76 0
43 -22 0
65 47 0
55 -181 0
79 -109 0
33 -50 0
22 186 0
60 -73 0
34 -73 0
34 111 0
99 -19 0
40 -74 0
83 -70 0
47 -35 0
95 -66 0
39 78 0
1 -126 0
5 48 0
39 28 0
9 27 0
73 184 0
7 -155 0
6 -37 0
68 -68 0
14 77 0
14 99 0
70 -92 0
37 89 0
24 -143 0
56 173 0
11 -38 0
87 -125 0
70 -12 0
78 14 0
1 89 0
78 -41 0
57 123 0
75 -175 0
28 -86 0
84 -179 0
54 -7 0
51 123 0
23 18 0
84 -92 0
92 35 0
72 -132 0
90 -53 0
18 20 0
37 -45 0
21 123 0
67 181 0
44 -108 0
56 118 0
58 70 0
60 -178 0
45 48 0
97 -10 0
12 -102 0
18 -156 0
31 161 0
45 49 0
43 45 0
62 154 0
6 133 0
62 77 0
51 48 0
67 68 0
79 67 0
11 -42 0
23 -45 0
34 130 0
52 -39 0
29 -162 0
32 -78 0
5 -132 0
82 -61 -65 0
42 -91 0
64 19 0
71 75 0
90 -150 0
31 -150 0
96 -34 0
95 137 0
8 -64 0
93 -39 0
53 42 0
44 87 0
87 52 0
96 198 0
31 80 0
41 179 0
44 -103 0
72 153 0
3 -113 0
30 -46 0
74 19 0
99 116 0
40 43 0
66 -176 0
28 -56 0
52 -24 0
30 -7 0
40 -180 0
52 -103 0
21 -33 0
74 110 0
8 114 0
74 -130 0
26 -11 0
16 -103 0
45 -5 0
89 -135 0
85 -119 0
48 174 0
59 -8 0
39 -69 0
