500
500
408 181
218 420
198 263
12 485
117 40
313 195
65 126
326 483
436 152
370 225
326 179
407 231
181 335
298 102
35 243
214 296
400 356
243 390
63 225
1 425
470 67
14 186
383 395
85 331
315 126
430 86
492 271
105 53
425 24
130 240
294 424
267 433
67 121
466 271
91 441
372 365
55 479
277 457
356 392
445 19
194 335
249 409
169 241
496 387
217 427
404 302
481 51
194 417
430 491
460 274
401 52
463 481
266 18
12 231
455 452
212 407
389 321
476 98
458 70
432 497
31 264
241 407
473 247
278 362
5 468
129 171
129 55
63 83
387 100
284 254
192 400
435 128
226 43
449 329
472 182
25 313
60 311
347 314
41 388
21 377
356 242
374 179
87 465
220 56
254 80
383 29
109 106
265 263
367 338
434 186
222 466
484 392
139 267
121 339
347 89
342 376
151 292
151 396
340 381
395 333
478 346
173 307
157 296
110 46
73 250
97 148
279 194
338 89
360 238
43 272
58 467
138 241
185 147
238 79
225 175
299 229
178 209
98 262
345 186
130 345
148 239
32 370
50 35
460 19
243 476
309 455
302 54
289 207
271 294
13 311
469 179
135 427
263 449
131 210
438 156
395 53
362 225
429 220
476 263
495 343
289 331
413 233
140 285
470 413
261 289
292 157
352 81
311 387
121 458
431 184
499 213
420 469
141 197
166 105
68 476
258 237
50 393
362 111
311 224
321 369
486 160
152 64
203 152
108 423
66 427
369 3
347 280
384 246
466 275
476 418
166 425
201 376
19 142
155 489
457 367
299 417
95 48
434 72
302 393
494 350
448 424
261 379
78 8
341 131
11 181
90 176
320 228
389 495
232 243
17 277
478 320
186 54
225 278
185 371
211 259
110 375
462 10
132 367
408 468
55 60
110 310
28 105
394 316
114 208
270 489
473 376
142 378
344 318
79 361
387 497
415 317
254 216
13 395
494 422
161 205
144 224
210 485
482 217
159 279
385 114
20 290
243 261
459 495
334 245
412 454
423 12
241 355
91 435
141 356
117 283
291 274
408 480
90 407
344 97
118 407
86 439
177 159
116 33
214 333
57 227
353 349
211 171
269 209
382 94
431 195
483 481
447 218
471 106
52 406
201 331
133 150
116 270
374 140
229 8
184 131
285 181
85 447
31 453
455 358
309 459
276 385
297 199
181 336
383 18
233 63
48 496
282 293
464 369
89 360
110 25
67 5
29 2
249 141
335 427
496 153
406 415
127 294
372 76
162 309
301 362
469 147
149 180
205 50
273 170
420 296
198 20
493 48
124 105
281 374
122 172
100 163
240 284
427 167
326 497
238 398
35 282
267 26
122 247
282 262
121 486
306 313
232 343
8 471
319 293
214 20
136 362
489 393
398 158
345 362
419 120
465 71
401 179
84 373
467 141
308 107
327 168
462 332
391 236
500 133
389 467
207 113
140 107
446 265
102 467
471 421
489 142
254 213
77 469
284 334
31 430
204 366
39 78
340 331
345 390
447 93
437 228
450 226
209 418
365 332
177 125
38 35
450 463
84 471
125 356
458 58
178 225
333 177
281 213
498 135
494 445
50 29
153 10
32 247
274 3
388 124
223 479
396 316
485 452
273 185
389 10
43 407
420 129
199 322
24 64
294 420
500 389
7 168
252 224
492 52
202 339
423 139
23 7
122 431
231 90
382 458
231 483
406 290
124 121
236 203
1 334
304 352
16 174
119 398
271 99
390 171
267 389
244 135
76 286
169 407
453 490
320 483
460 32
21 30
299 267
439 20
322 322
133 48
118 429
231 250
2 45
199 335
280 309
219 486
49 265
347 199
493 356
399 463
380 374
403 430
319 90
24 438
239 455
45 178
464 495
339 136
94 490
147 108
388 380
152 16
166 314
381 131
216 295
176 411
235 458
423 333
110 333
149 486
428 407
223 239
288 186
95 481
251 39
9 437
203 101
98 360
255 227
317 62
115 82
264 287
484 218
322 216
447 173
281 7
231 227
343 287
416 343
351 93
253 100
212 118
139 496
257 427
280 363
394 390
428 345
118 131
223 274
387 322
37 264
167 47
161 157
68 20
432 361
112 488
209 184
482 23
418 492
128 484
136 350
496 221
207 27
34 288
42 327
376 180
217 276
355 185
188 305
444 230
34 179
170 318
437 305
428 492
147 480
202 278
71 204
336 182
497 417
7 272
97 358
461 306
184 200
131 289
147 143
266 483
101 378
277 419
432 155
73 487
377 384
383 121
392 172
