500
1000
482 179
368 794
10 401
437 690
427 476
947 928
750 88
304 921
62 677
288 132
304 123
525 138
721 146
580 385
10 968
575 15
24 991
942 931
159 396
637 275
161 302
960 700
509 570
541 53
409 878
484 811
281 952
34 865
140 202
419 578
691 873
505 817
616 418
276 423
694 519
47 507
938 869
107 443
970 735
22 796
517 526
836 957
113 449
43 52
389 898
290 898
166 936
458 412
872 666
178 171
655 15
728 268
534 469
392 988
788 250
67 370
698 663
830 147
879 73
469 824
876 280
85 106
579 379
654 308
984 552
816 449
764 881
898 77
103 574
157 276
128 710
624 940
913 382
739 148
176 335
9 255
544 106
872 312
655 801
199 429
734 630
997 656
858 300
370 211
184 167
188 574
940 598
550 127
610 746
358 414
489 374
672 489
823 539
774 136
58 357
450 44
539 449
749 760
685 416
987 599
925 980
832 775
534 247
774 511
327 180
845 603
835 553
273 713
949 134
193 6
307 79
573 324
918 892
476 787
822 182
811 824
848 60
315 172
649 400
166 472
439 279
879 785
768 661
185 228
414 360
393 147
373 137
827 365
789 367
788 253
137 71
478 634
858 796
557 632
980 143
437 2
492 188
426 554
551 954
366 936
571 859
733 875
7 17
830 803
168 986
912 47
716 836
652 513
943 895
727 430
931 384
727 110
636 814
310 347
721 397
481 48
552 901
306 377
789 110
925 465
996 123
882 378
186 521
802 419
820 757
522 522
757 180
298 199
839 125
610 899
682 120
571 776
649 291
635 390
28 386
652 110
393 887
661 567
212 822
818 781
197 950
582 264
583 318
156 187
388 329
549 405
767 848
67 620
253 656
598 967
61 251
422 522
756 763
491 264
883 285
712 424
165 398
958 731
462 299
645 654
191 662
989 679
730 211
799 797
891 658
516 601
346 152
229 42
535 164
706 360
898 197
293 370
41 643
234 999
876 99
849 883
426 507
769 73
183 51
594 318
901 521
528 32
786 487
931 85
175 109
400 737
10 631
240 867
127 94
20 132
950 376
813 128
73 877
10 851
417 616
193 429
392 139
24 929
450 971
530 986
421 847
323 211
715 392
888 601
734 433
412 565
854 939
755 649
32 163
187 505
970 837
980 798
836 691
706 812
482 897
15 941
362 384
333 996
251 852
122 198
376 185
716 993
75 463
144 493
750 483
790 163
826 297
247 86
341 509
90 181
203 14
230 772
298 794
946 328
830 288
6 724
831 244
605 454
776 656
747 164
874 992
592 373
823 442
870 273
385 618
433 575
29 262
301 689
427 83
486 489
455 898
179 807
552 545
705 768
59 510
322 882
708 883
201 182
718 615
973 828
639 654
433 416
686 326
590 343
975 665
923 810
109 118
529 681
714 237
108 464
789 901
241 926
223 970
679 871
148 764
643 61
864 175
857 689
700 909
136 818
400 521
665 507
876 961
687 785
543 714
419 879
577 864
734 625
621 401
525 821
954 821
643 423
16 902
939 460
164 420
732 293
432 853
925 765
295 443
57 476
273 739
243 618
187 224
207 422
742 894
169 157
463 896
736 461
470 533
863 28
322 584
462 173
120 577
849 248
12 304
260 993
362 130
374 291
414 923
355 624
988 458
268 895
208 307
891 795
713 54
394 391
32 503
511 528
492 655
173 878
986 763
80 906
857 527
378 85
839 664
172 375
460 419
960 252
141 344
521 484
431 638
740 593
528 883
23 100
845 289
68 721
917 6
171 931
829 348
432 167
612 537
614 395
41 811
933 263
137 694
475 693
323 159
883 533
893 72
583 60
482 63
472 865
148 306
877 243
420 839
891 651
946 780
650 714
476 395
348 375
914 294
764 637
354 921
617 717
265 777
414 549
702 90
22 618
505 846
903 929
205 642
988 921
915 140
529 797
893 51
266 697
894 190
57 946
70 160
244 914
192 43
1 64
701 728
41 894
655 936
831 976
360 412
720 996
115 584
967 508
110 909
492 427
718 136
471 62
279 751
640 478
734 792
215 711
815 456
515 916
743 179
882 633
5 76
874 468
639 420
918 840
504 453
977 318
286 728
35 715
554 154
429 161
800 108
526 3
948 711
696 271
298 42
815 208
394 347
637 606
270 283
589 890
929 234
376 567
730 42
840 354
810 959
511 275
456 941
920 601
866 804
134 173
510 906
404 522
650 802
595 770
504 150
362 917
302 923
511 252
282 534
933 97
17 922
960 758
489 681
172 949
88 238
377 82
11 361
329 312
239 947
363 416
43 1
481 374
59 325
417 466
977 827
937 167
52 433
505 725
958 274
117 881
636 531
991 388
635 927
136 497
161 152
25 346
870 839
732 15
656 754
342 549
196 53
905 347
154 242
446 609
71 368
818 279
224 766
727 654
633 515
305 606
383 501
639 695
374 392
216 270
113 67
666 561
264 344
197 841
36 164
917 367
201 500
511 207
766 188
166 707
221 594
933 66
424 80
6 451
171 1
987 129
586 565
259 494
757 302
766 317
355 653
526 270
777 985
718 698
452 421
506 102
289 971
976 890
381 287
610 251
435 51
559 459
289 44
987 413
958 756
127 353
80 562
472 523
524 543
333 416
793 200
388 962
128 461
908 824
105 472
688 816
740 711
218 788
216 461
399 304
952 318
315 319
214 9
232 308
45 540
250 735
829 934
352 85
416 450
654 817
467 516
397 432
86 541
997 92
395 242
712 213
391 829
811 915
570 673
75 673
982 702
352 670
186 157
385 670
795 937
202 318
205 988
238 948
679 597
738 711
231 600
363 631
939 691
643 417
732 910
931 537
870 276
965 481
511 435
348 401
584 429
349 534
960 867
101 16
796 1000
759 99
663 56
409 288
53 651
660 817
172 591
64 764
54 330
694 358
186 921
940 111
425 86
783 845
202 304
380 222
957 922
36 530
834 116
506 928
543 162
424 415
27 64
635 557
133 252
822 956
260 788
598 798
644 378
898 759
674 348
696 76
865 748
740 977
989 691
309 176
666 306
447 589
80 170
938 73
962 542
311 253
825 31
236 951
152 246
979 877
126 595
267 443
219 131
928 650
708 372
391 754
542 14
868 955
171 341
747 317
509 339
583 619
81 252
124 714
469 869
187 881
179 961
916 775
600 691
694 926
473 971
544 357
949 773
818 496
595 573
1000 228
830 310
118 571
553 980
1 214
107 702
763 302
360 99
300 661
883 466
218 117
903 222
510 314
852 978
30 708
994 440
637 881
8 808
886 401
82 264
136 498
811 904
522 148
523 769
519 991
239 584
196 253
777 247
708 405
819 759
427 164
957 742
383 365
707 694
259 296
711 69
654 781
435 557
823 98
198 138
23 429
494 768
272 414
349 23
547 939
49 605
251 543
105 498
263 116
350 626
666 178
663 553
94 709
278 3
181 718
60 448
639 109
924 63
172 41
513 803
325 552
42 80
704 456
925 936
181 278
146 708
391 336
470 611
166 609
735 993
152 474
95 234
65 944
705 997
597 195
458 688
458 567
561 930
16 154
786 278
969 390
831 53
582 436
619 503
125 593
424 461
395 802
382 427
43 523
460 17
376 36
513 418
753 546
911 153
389 965
850 825
413 693
691 741
503 105
897 721
118 735
146 512
434 623
335 993
615 347
198 915
379 677
682 68
972 327
116 209
593 647
96 217
548 275
861 354
220 198
598 160
363 480
607 30
694 705
466 36
730 469
825 960
251 821
425 24
325 332
675 672
812 79
372 659
59 592
591 809
854 219
445 178
61 48
639 811
23 186
823 636
715 80
655 230
538 53
953 3
601 23
248 676
68 10
338 99
109 412
685 73
998 960
98 522
622 108
996 455
6 587
123 713
329 435
113 859
153 276
322 44
963 428
394 290
866 656
28 775
470 589
809 358
931 591
798 69
510 655
449 727
925 210
317 605
489 834
995 655
126 555
480 360
780 788
182 478
867 354
582 755
955 285
340 746
883 634
955 436
189 441
143 828
642 60
381 861
766 976
759 257
284 997
352 845
386 788
407 66
540 899
250 344
531 138
857 540
625 551
51 238
809 389
657 287
503 647
293 438
60 329
593 861
78 905
977 378
992 846
140 872
308 73
623 507
920 478
743 378
371 596
76 260
882 495
801 960
39 502
732 105
569 330
300 378
208 272
961 746
695 92
887 581
934 216
947 139
401 12
523 799
804 289
311 806
91 542
813 153
613 607
305 664
928 795
812 379
326 169
237 845
846 877
585 826
416 203
210 175
2 938
529 888
508 210
196 809
445 610
232 215
547 101
303 122
700 414
586 90
571 86
739 327
481 604
499 114
664 128
278 898
896 751
922 780
484 974
854 25
874 519
79 292
657 475
676 364
543 878
997 240
279 637
811 823
74 525
902 419
468 244
882 81
710 975
526 265
540 281
785 531
668 973
383 360
873 827
404 736
542 785
180 544
600 196
828 453
983 164
883 830
184 486
477 857
914 349
980 230
583 180
731 343
302 371
928 703
185 697
844 786
794 866
461 567
383 98
