830 700 913 252 
797 25 422 408 
898 595 268 574 
453 492 954 752 
258 461 655 870 
554 825 784 412 
96 855 76 405 
867 854 713 565 
379 191 6 888 
746 956 796 11 
532 704 949 927 
5 613 68 463 
909 664 101 521 
887 681 306 802 
799 109 544 468 
609 256 657 234 
351 665 929 950 
70 328 856 274 
576 277 26 823 
115 162 314 562 
871 805 397 544 
603 955 696 382 
392 130 364 232 
403 561 480 969 
170 649 304 800 
302 265 225 978 
29 857 4 989 
215 121 671 192 
611 828 514 467 
174 784 435 87 
769 574 515 874 
398 117 429 952 
922 902 710 582 
777 438 517 384 
202 40 198 731 
539 11 497 461 
886 575 391 107 
664 911 314 802 
213 89 987 565 
171 8 282 904 
693 42 583 216 
766 799 528 520 
408 2 990 533 
455 660 384 101 
547 177 731 0 
768 500 373 105 
182 434 672 190 
55 516 335 745 
314 412 899 571 
655 109 962 858 
558 159 124 768 
346 505 851 8 
300 866 141 429 
687 618 320 331 
887 662 949 420 
897 266 248 458 
29 361 546 992 
480 364 146 475 
177 276 450 327 
807 56 875 749 
376 690 458 611 
373 38 613 195 
941 510 457 79 
914 75 787 903 
969 567 952 392 
987 228 849 267 
843 743 313 243 
477 487 411 806 
246 349 911 347 
640 966 358 826 
679 749 47 170 
358 381 469 113 
700 558 781 878 
717 380 602 937 
65 633 330 86 
146 770 470 155 
478 351 481 985 
945 254 445 519 
599 745 280 255 
535 278 750 203 
55 188 459 560 
628 117 52 533 
527 801 445 697 
977 731 447 383 
589 582 612 951 
733 172 579 888 
440 100 782 750 
263 719 699 7 
97 385 478 741 
83 307 132 616 
611 137 703 765 
36 708 671 998 
714 37 424 713 
835 110 704 537 
910 410 354 977 
942 346 279 462 
337 881 284 748 
742 160 89 841 
796 144 548 937 
871 881 564 393 
754 264 734 532 
325 992 318 52 
863 47 371 640 
629 819 700 389 
842 326 507 426 
865 270 537 499 
573 259 984 428 
208 682 890 973 
933 228 854 110 
650 657 878 233 
196 609 978 560 
933 882 808 408 
39 527 35 54 
184 703 762 472 
117 144 522 586 
213 916 160 604 
552 831 666 357 
950 102 264 600 
776 735 221 338 
331 582 848 225 
143 99 804 910 
282 768 234 192 
981 892 538 715 
478 619 855 445 
854 355 137 915 
452 494 121 321 
339 596 601 920 
357 98 88 359 
513 468 31 734 
642 610 384 577 
312 104 127 697 
14 190 104 630 
784 833 296 399 
274 128 180 873 
385 235 544 633 
973 3 388 585 
660 118 944 911 
217 522 535 324 
99 647 781 262 
500 820 699 187 
258 488 338 674 
302 736 482 532 
816 254 453 276 
300 165 135 411 
744 654 452 235 
641 314 727 257 
450 461 980 266 
980 641 94 218 
636 47 962 678 
328 90 906 764 
777 81 512 545 
876 543 396 844 
203 593 564 988 
475 260 44 219 
200 611 372 315 
102 60 198 274 
926 659 41 582 
753 282 29 622 
582 213 336 160 
736 689 707 448 
958 714 248 477 
552 312 606 165 
826 777 288 93 
21 955 64 827 
133 539 78 848 
85 907 145 588 
207 245 60 777 
512 791 155 410 
446 559 589 366 
689 915 731 255 
590 22 479 690 
151 223 880 855 
697 527 644 658 
181 404 504 96 
505 575 262 276 
940 909 832 275 
322 633 145 591 
769 954 172 31 
8 901 797 136 
875 317 357 697 
414 183 355 80 
124 699 967 611 
839 936 767 876 
922 133 470 688 
688 127 350 62 
972 465 20 561 
195 686 767 0 
209 900 157 502 
512 237 67 617 
833 972 562 224 
896 311 234 902 
32 48 488 61 
447 885 305 757 
974 274 408 307 
435 639 378 714 
82 412 317 989 
444 844 369 410 
46 18 94 349 
922 950 167 281 
749 797 710 371 
79 621 226 445 
142 379 402 418 
940 419 858 524 
715 231 166 734 
523 684 22 799 
354 424 480 132 
564 596 986 195 
761 987 968 337 
952 592 302 630 
725 369 31 174 
895 906 417 710 
859 431 597 527 
600 569 612 529 
365 349 684 992 
673 290 659 454 
868 850 281 224 
96 624 281 256 
303 681 601 807 
741 221 513 131 
73 617 641 108 
71 702 664 580 
410 62 809 484 
647 72 925 128 
148 363 275 314 
211 79 433 683 
554 412 333 9 
795 943 928 312 
617 757 905 663 
342 155 740 508 
981 398 210 31 
19 54 508 304 
821 934 507 434 
42 45 149 627 
117 186 27 589 
923 911 773 785 
876 886 429 98 
184 49 56 864 
418 322 776 124 
981 860 484 294 
840 68 887 600 
915 585 719 500 
295 93 557 651 
15 159 301 538 
157 112 523 467 
845 535 220 270 
340 625 307 425 
457 154 422 840 
578 504 106 552 
896 418 51 92 
297 396 318 207 
898 221 939 934 
785 911 217 651 
137 609 676 401 
380 577 835 359 
248 943 137 135 
811 583 929 13 
268 710 378 584 
766 562 997 977 
988 443 392 197 
133 710 814 717 
137 343 383 589 
871 80 895 281 
640 799 769 953 
526 656 372 477 
962 379 323 310 
941 412 63 809 
373 694 204 42 
347 494 961 233 
856 568 203 337 
790 950 664 394 
447 70 730 707 
849 518 36 12 
288 963 150 481 
490 772 523 476 
944 109 551 375 
77 409 414 413 
478 620 870 42 
845 911 683 724 
997 50 993 853 
673 124 35 872 
357 438 697 889 
924 484 98 519 
699 515 798 548 
325 104 801 227 
700 54 3 156 
816 736 87 442 
38 153 34 670 
657 577 815 148 
801 163 351 484 
309 918 174 518 
982 731 228 173 
537 192 649 873 
513 282 408 857 
578 288 687 571 
410 954 461 536 
218 897 209 61 
770 584 156 473 
0 194 532 32 
826 717 72 457 
455 303 305 839 
489 675 578 757 
144 933 377 321 
793 297 360 271 
891 483 780 770 
396 10 961 81 
912 5 734 487 
405 649 333 387 
614 627 686 954 
34 893 204 553 
86 841 999 373 
264 127 206 857 
263 686 684 594 
173 948 962 169 
700 138 242 268 
16 201 650 743 
867 986 738 671 
455 910 362 473 
471 385 742 664 
396 471 895 80 
667 243 201 775 
576 278 751 111 
118 363 93 891 
301 636 539 759 
181 917 771 409 
624 69 759 533 
771 868 511 679 
629 611 65 291 
935 147 512 136 
898 275 861 398 
548 532 556 465 
954 140 258 749 
956 365 760 456 
397 18 601 17 
848 167 171 470 
512 438 60 884 
387 812 49 738 
399 211 887 550 
247 240 588 488 
637 451 919 367 
233 419 788 542 
651 982 674 817 
625 159 904 403 
99 55 182 7 
893 476 849 385 
455 166 412 348 
475 660 74 670 
797 801 835 52 
345 941 206 268 
901 521 688 227 
84 990 21 783 
792 610 344 849 
650 27 364 682 
669 856 191 448 
390 992 993 559 
488 564 2 625 
894 543 412 122 
792 831 160 930 
93 403 869 446 
181 875 639 599 
104 511 174 902 
103 162 265 443 
773 594 372 150 
256 313 904 230 
730 959 837 835 
807 298 977 810 
251 704 337 598 
650 216 301 656 
564 27 220 856 
474 98 157 615 
769 614 30 476 
507 330 806 335 
800 837 177 725 
73 264 988 553 
15 246 3 21 
29 761 140 141 
472 202 793 507 
624 395 386 415 
456 910 305 990 
362 184 638 547 
278 339 515 354 
658 786 659 567 
599 101 407 592 
942 233 844 645 
27 881 334 586 
477 984 165 929 
711 265 181 971 
642 36 355 860 
445 882 70 765 
406 414 166 895 
173 122 700 604 
868 939 852 511 
323 860 856 352 
992 911 359 592 
124 438 409 217 
15 749 197 73 
745 588 903 72 
643 469 989 222 
709 734 47 248 
546 351 712 525 
689 299 879 733 
429 704 726 286 
514 931 3 763 
994 558 883 934 
199 779 995 502 
328 930 673 981 
446 596 66 304 
398 600 481 84 
424 440 961 570 
257 674 693 40 
876 232 625 991 
987 852 529 254 
756 41 825 302 
770 110 872 114 
5 641 766 149 
270 551 614 203 
4 974 58 572 
181 148 206 998 
740 498 704 189 
425 140 166 453 
384 447 517 628 
130 334 287 470 
215 789 745 667 
457 924 614 233 
683 9 935 821 
632 296 422 327 
22 583 738 121 
579 202 468 211 
953 59 475 364 
618 891 933 697 
881 693 253 766 
452 177 556 14 
124 698 774 961 
415 23 467 516 
177 885 111 93 
865 582 286 976 
984 992 141 387 
880 511 850 395 
803 214 607 129 
611 211 263 713 
299 500 950 996 
316 283 877 895 
942 935 440 634 
278 112 629 788 
627 23 701 119 
574 826 35 353 
421 602 970 835 
308 873 26 233 
378 857 573 67 
70 997 764 683 
983 174 165 623 
616 995 181 565 
150 969 565 746 
275 180 9 153 
595 435 971 660 
977 513 451 129 
202 97 474 522 
951 191 315 244 
786 250 503 831 
541 901 69 92 
220 183 849 232 
921 639 462 966 
924 664 890 484 
668 495 523 531 
48 654 33 134 
368 426 930 915 
427 87 666 917 
534 38 799 898 
983 316 879 294 
580 117 500 463 
407 11 189 185 
407 211 247 310 
504 751 733 117 
855 939 79 232 
935 155 720 439 
935 378 353 594 
831 112 360 958 
113 690 31 335 
583 308 907 332 
857 717 659 526 
566 312 693 946 
922 494 754 426 
201 985 67 239 
495 46 988 382 
387 333 429 42 
389 601 157 286 
206 135 490 639 
559 365 891 526 
825 884 130 128 
470 744 413 640 
991 896 25 952 
105 914 508 405 
190 447 817 846 
160 942 664 476 
964 355 240 276 
295 957 269 127 
200 464 347 131 
765 356 947 583 
779 598 171 915 
553 965 153 675 
661 883 774 476 
324 89 979 48 
966 268 812 330 
502 132 599 569 
786 345 971 88 
94 728 207 71 
194 446 906 25 
169 233 902 579 
560 962 840 818 
944 612 800 637 
322 921 909 703 
242 809 974 817 
880 21 110 626 
665 433 356 734 
231 163 180 844 
917 318 547 617 
957 72 796 45 
684 781 304 39 
183 732 665 598 
617 794 565 981 
790 823 533 227 
863 699 363 597 
254 939 370 128 
191 744 448 481 
864 698 903 767 
634 943 67 663 
920 363 639 610 
881 585 460 895 
404 523 918 955 
916 540 117 197 
280 544 374 597 
784 883 548 194 
124 480 113 981 
470 481 70 491 
746 357 752 721 
198 974 923 275 
913 672 843 980 
394 637 221 245 
828 263 679 774 
484 350 733 915 
942 790 702 530 
665 37 861 795 
282 986 627 806 
138 56 442 159 
799 400 854 152 
828 313 712 171 
398 64 576 558 
964 509 959 584 
432 491 713 453 
278 140 6 360 
352 835 158 113 
637 926 74 451 
81 660 945 552 
29 450 918 502 
967 979 480 379 
202 393 311 530 
627 868 959 322 
476 498 970 146 
669 745 192 483 
21 580 82 185 
349 203 930 60 
635 248 448 524 
320 824 132 16 
172 283 736 907 
848 594 216 720 
755 388 569 318 
120 374 965 916 
784 193 528 593 
837 971 409 539 
143 863 541 926 
532 721 283 2 
154 459 943 561 
791 22 975 337 
23 826 191 934 
538 350 896 884 
478 654 19 520 
184 554 137 678 
573 318 780 699 
390 598 102 833 
312 196 726 331 
339 346 951 103 
729 953 572 811 
746 108 794 901 
956 833 90 486 
396 397 720 748 
904 74 859 425 
549 453 654 268 
947 123 624 994 
723 16 558 824 
514 477 711 13 
677 103 851 832 
757 450 153 435 
587 613 373 809 
306 160 920 285 
854 257 29 604 
44 970 781 467 
345 697 955 828 
663 330 312 572 
553 69 167 100 
10 132 108 808 
91 357 939 621 
198 813 206 29 
69 487 545 337 
620 959 223 303 
965 797 163 35 
159 985 901 33 
493 826 550 154 
716 993 431 395 
902 620 471 720 
558 531 320 993 
475 543 934 651 
302 269 90 594 
161 951 969 73 
211 428 584 913 
307 222 543 778 
49 552 655 462 
969 238 839 455 
904 560 169 113 
908 946 532 465 
709 946 707 366 
952 768 757 531 
239 808 731 253 
382 746 517 515 
257 732 556 762 
307 109 962 454 
745 506 801 50 
44 759 95 257 
443 100 224 407 
697 385 429 703 
685 199 474 919 
335 824 661 262 
367 559 51 208 
134 526 314 711 
134 389 667 340 
464 80 822 516 
824 495 991 923 
552 336 551 418 
297 623 111 261 
895 272 377 553 
279 522 83 646 
567 357 753 580 
478 651 747 441 
275 851 931 776 
720 388 106 731 
301 911 552 193 
958 287 152 157 
901 239 55 832 
937 146 141 292 
656 311 433 588 
795 397 57 263 
376 101 153 108 
950 643 160 937 
789 481 978 900 
541 19 915 427 
513 465 51 200 
30 702 229 415 
689 887 588 117 
104 315 911 289 
466 936 644 523 
669 70 111 289 
659 73 980 16 
90 624 864 710 
142 696 653 838 
291 131 744 250 
115 151 918 732 
622 351 991 757 
231 190 957 408 
172 391 915 825 
534 936 209 261 
179 759 903 294 
677 952 823 175 
197 810 204 972 
245 883 201 633 
499 100 577 580 
747 198 330 496 
168 184 879 945 
716 340 824 979 
279 437 435 783 
610 52 613 27 
992 592 289 357 
919 531 979 419 
235 455 22 686 
585 314 267 504 
976 192 780 153 
0 834 501 498 
781 973 876 714 
156 295 100 89 
521 655 446 802 
901 80 80 584 
12 472 857 169 
635 832 818 746 
545 813 104 693 
213 82 407 893 
323 437 604 270 
293 647 856 771 
583 990 718 833 
545 640 735 832 
783 998 570 583 
389 471 102 374 
30 675 563 293 
439 981 163 812 
712 513 768 3 
288 431 734 248 
961 4 19 688 
778 948 685 981 
714 146 229 300 
483 284 825 204 
760 575 655 235 
760 592 970 42 
384 949 766 518 
93 404 199 28 
948 901 350 64 
205 453 479 973 
157 773 799 380 
994 481 756 792 
134 252 685 47 
245 293 40 363 
283 477 758 250 
447 831 238 319 
884 785 994 246 
64 535 481 597 
471 515 128 584 
300 259 223 173 
965 55 271 986 
966 316 666 943 
976 146 349 130 
66 228 476 836 
24 584 674 378 
933 489 976 959 
775 674 615 75 
41 123 134 83 
237 393 879 528 
1 327 718 77 
164 378 494 451 
475 649 379 450 
739 859 39 1 
140 839 764 499 
715 882 692 942 
730 153 336 705 
356 73 971 658 
731 156 308 914 
649 775 580 62 
626 710 245 231 
693 417 148 349 
571 284 863 520 
283 912 819 632 
467 156 38 279 
490 318 718 348 
89 648 45 501 
36 652 242 412 
76 299 614 125 
681 877 869 605 
884 625 993 835 
10 59 80 474 
433 906 853 865 
242 507 7 891 
34 259 965 920 
695 639 649 517 
496 876 968 647 
298 142 181 950 
579 178 918 96 
115 854 253 249 
836 286 8 286 
19 472 345 200 
317 136 971 96 
617 993 769 745 
125 979 282 707 
19 876 586 310 
733 323 290 455 
226 568 709 331 
534 30 33 659 
193 413 106 193 
991 448 739 829 
578 343 253 1 
647 675 361 62 
788 275 787 638 
492 151 804 183 
919 512 43 383 
955 925 838 43 
102 728 486 581 
850 198 225 803 
411 729 483 988 
625 241 569 464 
600 692 791 633 
881 148 853 908 
75 745 178 405 
547 806 172 524 
337 665 677 231 
306 550 144 318 
164 966 467 179 
62 113 185 650 
294 229 14 199 
841 517 224 361 
560 817 809 101 
427 528 598 486 
48 474 705 908 
326 276 268 25 
819 342 985 679 
987 386 380 834 
213 717 888 882 
772 725 219 375 
146 560 611 702 
160 415 476 532 
764 826 204 472 
701 321 916 134 
248 180 551 980 
640 663 861 295 
507 869 92 609 
262 574 518 348 
411 74 67 436 
993 973 637 136 
149 952 681 914 
704 521 996 109 
652 390 837 628 
600 994 865 828 
787 791 442 466 
862 150 225 527 
623 234 92 212 
319 274 111 665 
545 775 303 90 
389 667 571 759 
693 527 721 655 
443 452 225 667 
257 982 809 810 
740 124 664 930 
896 160 968 555 
521 148 490 113 
672 905 13 441 
950 745 735 982 
275 834 224 962 
793 583 172 926 
215 288 536 352 
227 288 630 151 
527 831 109 141 
131 201 275 404 
992 254 191 881 
646 326 962 335 
633 621 933 548 
301 37 699 505 
964 941 969 168 
666 986 683 249 
409 266 963 946 
857 193 737 634 
707 475 852 798 
112 993 447 641 
504 582 356 977 
333 113 16 157 
483 661 47 234 
974 462 382 420 
282 314 771 531 
397 798 359 676 
568 396 257 436 
251 956 160 205 
668 212 339 950 
89 370 496 401 
219 153 160 430 
869 16 93 675 
494 30 901 483 
644 9 439 24 
635 632 49 272 
270 433 623 261 
98 897 179 180 
32 941 570 217 
727 665 141 378 
241 675 344 915 
155 742 517 952 
473 530 81 368 
137 466 570 650 
478 196 553 297 
682 610 499 82 
283 154 229 220 
371 588 1 278 
158 397 700 683 
439 342 690 362 
982 338 642 890 
894 180 841 293 
583 393 408 382 
562 741 717 431 
933 102 690 20 
611 162 517 694 
156 425 418 403 
518 540 629 538 
366 440 591 398 
729 674 787 628 
657 612 701 761 
170 728 912 877 
916 241 409 975 
231 18 300 432 
13 219 130 839 
218 338 200 349 
442 981 560 493 
72 39 26 520 
270 126 399 782 
28 376 660 470 
426 888 468 726 
698 714 657 79 
702 481 269 379 
221 93 959 930 
178 939 860 60 
560 689 949 452 
952 187 74 645 
749 957 918 463 
508 40 238 695 
973 583 377 200 
822 680 268 289 
677 696 22 161 
561 759 248 671 
702 809 238 615 
610 137 760 757 
267 521 143 184 
183 115 280 852 
605 392 326 214 
64 326 389 743 
179 20 705 996 
507 44 655 518 
541 729 812 225 
173 953 837 189 
989 857 782 912 
204 162 650 63 
585 582 476 265 
401 874 534 336 
367 100 26 593 
776 89 229 183 
595 38 323 472 
721 248 85 579 
213 110 650 706 
658 834 356 437 
721 447 157 657 
750 641 131 421 
65 648 463 671 
213 264 83 486 
630 764 369 52 
981 949 665 280 
676 822 324 997 
320 637 233 425 
619 113 757 54 
12 479 311 125 
219 132 245 623 
463 421 421 885 
831 128 481 391 
408 356 173 579 
579 440 607 654 
690 344 419 8 
364 633 874 158 
291 766 905 544 
839 74 464 149 
757 513 261 773 
712 190 454 905 
757 215 872 993 
640 482 52 489 
298 405 439 514 
763 492 94 581 
37 93 131 634 
852 645 326 317 
863 367 475 928 
783 568 927 296 
314 790 873 248 
974 943 104 810 
476 10 684 156 
222 988 98 272 
924 67 538 673 
454 243 706 348 
923 226 432 848 
600 402 204 502 
416 685 703 694 
185 269 201 70 
747 362 861 980 
332 671 842 359 
91 903 120 503 
219 904 632 541 
952 318 791 702 
244 746 636 409 
633 247 403 278 
151 583 820 128 
588 664 675 481 
40 150 524 879 
385 620 0 621 
801 374 397 277 
725 954 487 408 
763 634 40 355 
726 73 394 9 
153 490 206 450 
176 858 385 800 
796 549 823 673 
494 955 6 764 
336 587 780 844 
126 783 602 776 
241 191 540 943 
791 191 737 673 
975 736 560 914 
296 970 768 81 
768 18 905 669 
75 472 88 13 
839 20 260 216 
425 539 787 804 
360 886 904 633 
914 900 738 617 
658 683 559 90 
480 401 769 612 
824 994 343 862 
702 804 629 130 
