300 30000
15
254 293
157 189
183 6
177 279
100 9
247 7
61 94
58 217
267 171
120 157
152 20
21 271
12 133
202 2
168 233
15
119 90
191 228
51 159
247 220
212 245
14 41
192 153
166 121
183 118
299 168
213 114
89 117
229 212
92 144
101 65
15
29 68
262 220
245 12
76 206
10 92
80 193
23 250
92 252
3 69
147 295
153 24
100 2
206 21
120 77
47 139
15
110 232
19 298
92 227
19 10
98 296
249 240
36 246
75 293
271 64
28 261
187 263
69 283
210 241
150 9
273 151
15
23 140
30 243
156 105
127 236
198 23
36 50
159 84
9 251
31 273
226 149
11 64
161 51
133 203
267 190
190 83
15
238 71
146 284
33 69
189 262
81 254
10 53
286 70
152 18
46 110
203 246
89 111
228 203
43 249
111 262
294 149
15
252 7
51 234
200 294
133 170
116 19
251 126
161 11
243 190
248 12
146 225
75 223
7 49
200 20
215 240
262 93
15
127 70
291 21
261 198
118 91
81 87
283 218
266 239
77 284
23 108
255 140
182 21
68 111
277 136
256 13
206 272
15
17 37
216 43
239 94
34 20
162 184
225 131
8 291
80 230
133 30
182 24
124 69
259 106
239 20
224 232
102 239
15
260 215
158 234
15 287
189 162
127 129
8 217
246 39
59 107
178 232
210 43
189 103
106 18
138 46
73 221
222 49
15
111 230
98 176
198 240
275 107
296 275
109 25
230 280
96 164
150 183
216 58
181 95
134 280
107 80
232 279
38 271
15
171 125
172 240
277 210
56 13
249 7
288 197
64 243
163 97
70 162
99 160
150 280
86 295
102 222
259 270
17 108
15
299 123
148 25
35 40
100 239
92 42
194 251
89 122
298 251
53 113
111 249
296 215
63 164
130 147
201 5
260 270
15
251 273
287 105
59 242
41 241
212 275
273 117
42 41
28 137
145 144
250 56
43 87
262 223
167 112
33 285
33 227
15
114 208
86 26
230 122
109 295
252 225
185 289
6 217
145 18
34 220
69 45
177 163
78 21
29 182
256 251
236 213
15
128 36
131 172
29 45
291 288
213 27
239 290
298 35
138 130
89 181
297 258
225 72
181 298
52 270
86 142
154 15
15
18 109
56 215
72 243
121 295
100 265
243 111
198 84
221 71
85 156
208 248
203 282
57 247
246 257
247 129
12 71
15
285 184
181 186
154 194
211 286
107 230
252 223
257 180
237 177
266 296
64 223
200 90
241 113
271 9
274 278
7 91
15
249 156
271 223
182 278
2 293
66 215
66 172
221 85
164 86
202 265
246 245
54 176
273 143
24 48
255 269
36 127
15
65 149
93 248
165 23
93 199
111 21
90 151
196 272
231 102
114 77
10 23
107 108
162 34
105 33
102 16
238 273
15
61 39
31 21
207 60
241 152
104 240
282 112
38 139
159 229
97 25
155 148
116 76
220 165
233 122
153 284
36 281
15
171 264
274 119
170 292
94 103
26 89
246 75
141 220
38 286
249 61
85 15
283 89
196 55
292 237
203 249
139 215
15
106 23
15 217
183 258
164 21
105 295
145 289
295 87
10 152
300 87
241 181
16 176
85 232
134 146
20 161
245 130
15
232 279
33 189
112 221
248 299
36 136
221 299
197 105
86 8
10 112
113 111
188 59
14 35
147 70
256 191
161 109
15
276 66
245 149
289 106
246 16
30 159
98 1
232 258
300 110
16 239
62 193
235 109
165 96
4 113
148 180
253 275
15
236 197
135 156
89 158
114 241
133 278
220 127
17 97
13 164
185 35
177 100
240 158
109 100
102 191
163 6
85 264
15
6 4
232 166
77 136
266 25
102 55
112 236
281 91
56 122
284 198
187 130
113 118
298 33
29 140
24 151
54 57
15
286 50
103 170
47 244
105 209
10 42
255 300
65 112
17 102
267 277
65 107
233 249
60 283
87 16
10 236
179 85
15
96 37
206 97
205 288
109 252
114 146
107 32
207 100
218 212
30 262
145 277
57 205
130 196
63 234
27 3
254 98
15
150 32
59 168
32 282
89 41
168 60
288 182
126 178
277 172
233 65
63 125
17 71
64 91
84 49
44 286
19 89
15
133 136
114 86
100 46
49 128
269 30
73 192
267 242
184 115
153 264
19 138
74 92
192 34
88 15
24 197
72 266
15
268 135
29 129
287 224
64 202
40 258
39 63
266 90
87 170
275 198
96 200
99 3
137 104
157 150
108 133
29 260
15
194 174
118 19
172 192
296 213
194 170
266 235
36 22
163 257
228 212
48 165
141 61
102 231
38 133
174 13
190 25
15
65 195
247 232
226 78
15 109
25 144
291 252
37 133
92 30
8 221
183 223
296 55
22 8
119 108
264 132
283 51
15
224 42
272 227
142 2
287 42
299 24
259 152
123 48
136 231
260 126
17 236
55 45
234 297
75 207
125 267
50 52
15
225 269
168 181
63 291
224 46
281 51
97 195
45 15
61 118
220 197
290 211
255 254
213 279
100 173
249 73
22 165
15
16 31
48 107
162 59
274 207
194 40
32 42
1 87
266 102
77 99
38 75
279 34
284 76
260 83
33 73
241 224
15
68 166
156 67
279 207
154 140
146 137
66 126
197 35
193 294
86 114
79 254
200 183
15 48
16 75
183 141
107 179
15
81 38
99 45
107 289
165 70
243 216
174 290
83 122
75 290
141 235
22 201
208 164
223 142
244 142
89 82
6 186
15
234 79
237 21
133 80
204 210
259 250
120 157
34 283
179 271
188 42
243 230
171 161
156 282
58 236
179 284
98 249
15
269 168
1 29
129 208
33 243
216 70
283 131
173 46
86 270
8 92
24 185
192 23
85 168
52 166
63 290
66 14
15
163 88
53 40
11 240
249 233
4 101
246 125
298 22
16 9
64 116
180 28
164 57
22 300
270 154
289 62
175 199
15
59 229
125 21
50 217
216 82
291 56
113 55
272 25
253 262
43 202
118 269
239 149
64 116
181 126
267 53
60 298
15
132 104
67 51
153 141
47 85
91 33
145 185
167 242
58 31
242 271
236 177
138 129
196 282
231 1
161 276
11 248
15
173 228
195 121
26 132
87 121
198 75
296 218
123 90
21 94
70 21
45 269
36 26
216 164
117 228
114 220
177 33
15
239 153
32 103
97 8
279 209
214 24
240 260
51 95
236 80
190 226
53 60
57 226
262 174
159 127
262 38
300 33
15
90 59
218 96
236 108
218 31
121 2
279 259
43 274
84 201
125 39
275 219
48 186
124 86
54 210
187 291
56 226
15
100 290
289 60
298 143
205 164
162 128
176 82
83 53
232 210
180 74
157 200
212 291
14 243
64 247
258 280
172 51
15
163 47
133 37
281 124
78 125
214 5
136 115
197 85
239 83
68 244
273 60
229 86
289 124
193 262
269 229
185 101
15
259 57
222 10
294 208
300 227
157 78
213 71
201 38
126 103
1 214
261 104
197 278
241 293
73 18
293 79
71 76
15
173 208
94 225
215 144
162 101
255 230
8 4
203 279
218 217
192 114
173 1
98 88
91 300
36 31
151 17
241 178
15
12 136
158 222
55 152
222 239
165 69
158 292
128 123
38 284
283 239
204 223
190 4
62 154
111 174
283 49
32 133
15
255 166
203 185
161 245
94 207
264 227
240 136
297 101
112 255
179 224
37 175
21 276
84 202
269 159
58 152
218 58
15
232 87
250 7
263 271
223 299
42 78
263 177
268 57
35 83
29 19
119 245
42 241
151 191
38 172
179 105
71 139
15
293 183
158 189
29 234
104 284
271 171
116 153
45 229
57 290
235 199
33 237
84 234
120 68
110 221
160 111
37 46
15
245 216
191 43
47 190
171 225
74 230
69 156
109 145
250 253
298 1
195 118
257 66
174 132
177 69
21 199
107 26
15
232 235
154 293
157 10
255 259
3 232
71 6
80 85
280 89
169 63
161 251
123 30
54 292
219 263
114 96
91 104
15
32 248
117 96
3 49
15 223
136 218
110 13
77 33
74 220
144 107
200 295
300 198
8 95
80 119
74 38
212 204
15
234 201
217 110
296 191
170 250
91 240
152 210
239 181
39 282
242 152
164 135
81 131
119 239
300 214
214 136
65 72
15
29 96
137 298
44 260
233 127
131 36
144 277
146 26
38 253
92 295
249 236
145 299
244 27
47 236
101 276
118 121
15
197 226
3 243
291 116
213 247
25 58
107 226
295 82
2 226
299 188
127 200
284 168
61 209
54 108
23 43
17 11
15
91 151
128 178
46 45
248 175
42 202
248 29
35 299
286 258
50 74
192 150
73 128
44 193
244 95
239 187
49 18
15
235 96
285 139
153 62
10 297
155 174
280 253
48 184
2 122
269 297
268 46
226 122
234 157
76 244
186 80
173 128
15
253 258
93 253
29 67
29 241
291 284
179 264
96 183
20 282
229 80
12 49
135 44
66 65
95 77
113 247
85 288
15
204 62
259 283
155 186
132 280
108 27
123 28
292 24
141 101
102 57
199 96
23 41
235 41
229 97
182 281
69 126
15
224 176
156 4
193 258
86 132
166 214
67 282
139 41
87 29
209 206
33 178
244 187
13 113
16 101
174 264
5 50
15
297 193
94 92
117 262
219 141
67 236
100 288
184 109
47 147
278 223
214 101
76 73
239 51
15 149
152 5
241 53
15
204 34
30 22
189 195
92 213
255 256
55 218
251 225
57 162
8 47
2 81
170 106
223 150
185 21
212 78
110 41
15
113 16
266 218
71 77
272 245
219 104
190 250
91 161
196 23
239 139
254 209
137 255
265 21
69 31
118 1
241 169
15
119 271
264 133
99 97
286 15
122 190
127 103
50 141
225 258
259 262
201 3
227 258
233 220
266 292
19 92
49 117
15
126 75
224 77
232 162
241 126
94 203
110 229
202 68
61 293
300 74
113 154
94 68
184 67
175 282
270 51
122 86
15
143 186
203 103
260 275
72 294
27 8
8 59
13 75
15 277
193 114
9 48
208 207
175 136
206 268
286 285
149 1
15
209 175
241 117
73 159
284 95
173 102
33 286
150 206
18 51
133 284
53 142
12 92
261 293
176 245
163 27
202 214
15
72 17
212 74
219 182
51 44
139 162
284 261
217 209
16 276
247 286
171 184
63 168
105 222
297 290
152 43
174 100
15
153 61
102 168
8 263
3 24
61 225
26 222
292 105
288 277
254 207
44 181
126 279
83 258
198 160
201 175
28 28
15
266 180
46 20
10 132
103 102
268 247
211 284
259 165
166 76
8 186
297 51
80 110
225 53
153 134
187 118
36 46
15
62 190
223 256
286 254
73 167
107 210
276 270
288 3
111 117
259 104
282 207
74 195
199 76
17 103
41 244
235 44
15
33 244
182 64
286 54
283 126
114 247
21 157
126 38
29 263
173 260
104 185
150 47
120 294
163 8
70 201
214 81
15
27 296
138 274
233 1
124 213
46 132
241 137
269 47
299 148
238 278
148 135
238 119
8 285
267 263
25 126
189 213
15
4 56
158 208
272 145
156 71
95 155
192 153
109 142
132 84
249 124
243 174
34 40
46 283
59 99
136 124
124 192
15
127 56
169 203
157 226
273 32
64 284
219 293
32 33
35 178
287 275
184 95
135 151
55 290
170 272
131 6
244 36
15
8 160
160 133
279 125
143 258
141 128
174 254
278 268
72 167
136 277
96 300
221 257
114 20
274 100
259 206
13 291
15
96 247
89 149
60 231
113 250
102 5
111 27
191 120
157 162
277 213
106 9
109 239
45 85
22 44
140 57
279 203
15
295 51
142 246
105 121
151 60
256 143
8 143
20 27
70 163
187 164
185 260
93 89
177 212
19 258
35 256
188 248
15
176 285
187 243
75 191
146 2
245 255
118 258
108 253
171 51
142 128
152 96
104 194
15 274
185 130
125 133
85 259
15
119 226
43 38
257 239
253 57
133 84
274 206
39 199
134 103
80 213
19 219
173 252
131 148
109 147
48 171
105 51
15
107 199
18 54
207 247
288 297
104 147
180 141
251 91
198 209
225 235
90 88
284 224
167 156
265 12
272 126
242 145
15
143 138
198 75
252 281
134 126
92 99
61 229
24 221
231 204
57 224
204 31
178 170
74 187
117 206
239 144
212 214
15
100 202
140 101
289 56
27 4
219 150
156 272
232 259
189 128
232 105
114 2
147 8
3 293
210 166
59 205
84 33
15
98 7
155 195
2 104
56 236
83 117
170 52
99 221
78 191
145 293
77 68
31 85
189 1
167 61
67 251
28 255
15
209 203
236 203
278 19
173 100
63 90
48 151
25 67
214 206
30 241
191 32
207 219
114 123
51 84
42 45
273 99
15
38 249
176 286
138 225
284 234
176 75
272 110
185 210
184 132
62 101
270 45
122 102
143 206
93 206
85 18
190 217
15
274 92
242 49
34 279
147 251
52 231
222 12
28 13
76 137
206 286
148 3
55 258
277 228
99 226
41 11
70 180
15
233 143
278 108
259 209
214 33
191 250
18 102
116 22
166 279
76 148
118 131
290 49
266 173
45 91
280 168
160 85
15
188 27
282 138
252 139
264 164
108 290
53 229
280 144
199 33
219 213
191 188
245 104
268 118
228 59
103 267
117 80
15
199 255
126 124
233 44
80 23
227 196
208 174
76 183
149 140
239 269
181 106
126 252
233 289
204 23
150 200
136 287
15
29 90
170 57
115 14
267 158
42 45
9 197
43 126
83 128
250 222
179 1
45 233
168 107
74 3
76 102
61 19
15
68 152
224 50
229 132
113 82
147 250
11 63
69 78
299 69
94 198
236 249
238 132
24 244
277 15
83 29
267 263
15
129 272
274 16
171 171
221 106
300 194
25 278
43 120
250 209
161 39
23 17
237 201
96 258
93 273
177 140
162 235
15
8 122
219 32
34 182
11 157
220 17
187 186
33 249
60 281
28 31
207 242
222 292
234 232
219 242
144 258
29 264
15
41 259
14 204
115 278
149 38
258 231
26 173
257 53
284 180
57 240
247 37
230 189
253 255
33 254
122 21
48 116
15
47 44
76 234
138 101
299 118
260 259
95 95
247 11
37 292
224 31
164 168
166 138
66 294
74 104
40 204
184 172
15
238 234
271 289
125 140
183 66
231 100
139 11
266 284
114 33
23 185
180 271
83 91
164 116
183 3
3 251
283 93
15
261 271
186 44
133 160
104 116
122 76
59 174
29 82
189 259
51 66
80 284
274 177
236 239
274 158
47 25
157 237
15
20 76
171 16
236 297
189 180
165 82
102 30
186 153
279 190
64 207
61 43
147 42
286 190
186 134
159 63
250 169
15
232 102
137 230
169 73
65 127
2 123
21 131
32 186
253 285
61 284
32 294
198 112
148 123
128 235
101 195
130 174
15
270 47
45 134
18 34
35 251
48 87
157 104
36 119
285 185
55 99
90 112
198 287
82 131
177 123
38 129
294 72
15
101 251
61 110
259 293
34 70
9 79
97 71
296 108
192 86
261 181
273 263
73 176
109 18
87 194
214 156
105 194
15
19 29
45 240
291 184
273 268
36 97
4 133
133 288
140 33
259 26
182 238
215 176
5 77
236 94
71 41
277 189
15
242 276
46 300
191 264
280 155
231 147
163 32
89 26
182 43
1 73
107 276
26 133
22 238
258 77
144 44
190 183
15
175 222
138 84
204 29
35 107
131 90
22 49
56 64
14 177
252 213
26 44
129 113
110 109
108 58
242 217
216 167
15
162 196
23 210
214 193
299 29
197 231
41 56
149 269
44 241
300 72
134 220
132 214
73 268
131 275
116 1
79 73
15
73 227
155 128
221 238
296 158
41 263
113 112
206 148
169 286
279 183
238 211
176 250
151 88
153 276
265 204
161 26
15
105 57
62 50
47 174
105 124
89 207
2 273
198 253
233 10
41 22
261 284
108 230
140 254
71 184
285 81
6 151
15
267 58
280 277
254 87
186 263
213 13
106 46
183 26
14 40
38 285
57 223
157 8
285 22
51 45
134 265
144 61
15
153 200
66 119
143 13
221 26
197 151
263 291
115 166
165 153
110 245
244 271
184 113
107 52
176 13
221 119
120 211
15
125 138
114 166
27 203
274 39
108 91
41 166
56 104
143 108
43 295
149 276
17 146
163 283
223 229
184 236
299 210
15
18 194
204 53
111 135
143 51
108 247
139 11
34 131
81 66
104 194
214 4
39 224
47 116
217 214
270 208
147 121
15
72 148
123 25
152 98
133 17
270 75
123 40
230 296
246 36
50 193
243 270
118 227
100 233
204 151
285 21
9 205
15
121 42
151 277
237 74
122 108
297 138
97 163
219 145
24 37
101 142
264 131
133 168
246 250
175 212
193 205
77 299
15
211 213
122 144
113 214
129 260
28 203
246 87
263 191
214 9
276 90
171 95
1 272
133 127
149 162
23 125
48 182
15
38 94
6 77
234 254
265 129
97 135
72 289
28 296
207 23
123 37
268 126
128 200
259 233
250 16
202 171
165 24
15
260 99
111 226
237 174
183 93
89 295
8 154
15 213
19 145
235 41
217 15
104 268
257 213
36 144
254 167
207 277
15
214 91
252 111
112 184
105 213
143 218
269 287
258 239
45 238
255 81
299 211
198 213
26 241
88 283
189 199
292 101
15
15 28
15 267
290 72
119 122
40 96
211 234
97 22
107 135
200 241
280 121
107 60
95 172
95 112
226 237
227 44
15
102 209
265 200
268 113
289 146
134 283
17 233
14 151
293 162
124 274
192 62
243 266
147 237
52 29
192 238
101 45
15
106 54
204 280
157 262
84 128
233 34
280 139
298 77
147 186
122 207
241 281
266 251
207 108
55 206
236 242
207 103
15
47 35
214 192
52 39
260 282
161 201
294 265
80 59
9 38
169 123
113 38
34 82
161 30
131 25
40 140
200 194
15
44 173
145 124
105 176
93 54
221 284
73 184
221 76
70 135
266 80
293 294
106 283
2 119
261 239
51 244
254 104
15
16 51
7 135
86 194
241 204
49 88
250 6
125 132
273 262
83 226
124 245
223 84
291 197
24 79
270 63
159 116
15
113 76
45 142
233 118
271 157
34 98
186 262
79 75
55 191
15 7
196 51
250 49
294 241
169 102
33 279
129 89
15
125 218
164 282
169 124
86 171
22 205
201 98
67 99
54 34
5 56
285 58
55 139
107 182
254 80
84 168
66 215
15
69 286
162 270
294 113
188 152
42 241
198 5
64 260
20 154
45 199
256 126
162 121
164 5
75 51
77 21
292 254
15
113 29
293 189
261 274
284 31
146 70
30 288
100 278
171 235
137 187
267 132
122 164
150 201
101 10
268 200
110 129
15
110 83
116 31
94 25
220 41
133 293
37 141
196 173
111 94
288 14
12 187
32 136
202 52
270 281
39 190
246 179
15
134 98
225 46
174 173
146 64
95 73
80 210
32 99
161 61
137 296
116 276
140 193
185 86
174 230
182 42
242 9
15
113 132
10 271
55 213
7 236
146 207
197 24
132 255
268 89
264 126
81 157
192 279
166 23
250 217
56 14
53 33
15
221 38
95 284
186 254
258 236
20 34
137 244
174 171
132 294
178 285
61 68
76 115
25 133
233 165
61 118
114 292
15
99 3
208 127
127 192
284 100
184 150
27 119
98 97
136 14
63 165
32 31
217 195
233 128
261 35
217 152
221 158
15
36 95
246 73
34 197
259 181
281 145
99 166
66 123
273 54
18 168
110 54
147 47
65 262
213 269
255 59
212 284
15
270 134
265 19
173 193
82 12
190 44
15 167
265 120
296 132
34 117
213 76
243 157
229 50
190 119
237 75
34 251
15
154 171
121 234
243 298
126 271
300 173
15 201
197 244
255 227
5 12
199 72
164 62
214 111
230 43
2 201
145 99
15
272 89
261 29
151 249
171 76
136 141
224 238
32 297
260 184
8 46
293 243
267 257
256 135
14 74
299 119
43 196
15
5 130
76 105
162 146
73 25
229 230
282 9
59 165
33 133
84 19
283 234
77 203
35 290
186 270
240 292
42 242
15
218 256
266 243
226 150
232 263
282 295
172 54
66 121
155 57
120 281
14 235
88 285
221 251
94 221
183 18
176 280
15
170 234
8 206
277 235
263 57
33 162
176 26
286 262
261 225
74 269
96 58
68 224
106 34
254 264
144 234
71 24
15
282 78
133 222
55 55
45 25
260 147
22 43
264 206
113 295
118 170
83 201
70 215
286 104
163 12
296 55
66 207
15
55 167
179 100
20 274
182 56
217 142
281 165
299 47
124 88
272 192
260 252
267 91
37 275
209 268
155 154
167 34
15
76 135
129 37
220 197
266 161
175 257
273 5
180 254
80 258
75 2
169 197
149 5
83 265
149 221
155 5
163 145
15
30 83
14 143
174 1
220 158
140 224
277 264
221 249
293 184
12 2
178 174
180 105
14 275
189 1
108 65
108 209
15
19 229
233 242
50 101
7 200
105 236
230 4
74 159
42 78
57 187
4 294
98 219
231 135
15 187
243 24
240 289
15
4 17
232 65
276 55
111 42
8 262
278 126
283 204
263 114
89 171
191 107
18 129
53 207
83 298
109 106
155 111
15
248 287
275 136
292 45
31 16
114 53
300 266
222 195
175 8
298 5
270 9
3 22
132 238
280 152
78 185
111 245
15
166 74
19 71
151 53
214 8
170 249
105 206
25 293
232 247
203 207
236 221
63 225
69 86
41 91
190 217
285 90
15
197 155
48 36
94 134
207 223
299 69
58 214
28 291
248 163
194 210
190 63
219 180
69 49
133 153
180 184
14 210
15
119 83
68 150
277 221
189 185
4 188
211 115
101 288
195 236
117 145
132 223
81 107
235 43
31 150
110 191
198 14
15
26 32
227 184
241 273
281 172
124 210
183 19
28 118
15 128
83 72
24 26
6 127
226 257
132 24
78 133
93 269
15
142 48
33 238
123 147
27 71
230 168
12 235
171 216
241 50
138 289
286 251
100 174
93 2
116 80
120 195
19 257
15
141 206
220 159
193 106
207 103
127 257
47 48
266 217
90 57
101 137
77 83
200 152
52 158
39 142
18 201
133 284
15
265 27
298 254
26 199
18 60
233 209
22 103
232 259
24 279
152 160
295 41
279 239
167 252
209 114
75 134
94 284
15
270 71
207 214
201 55
29 202
77 38
280 69
85 59
64 5
88 163
15 17
122 47
136 99
265 223
76 36
68 234
15
192 259
42 124
289 277
92 282
252 35
77 156
159 266
88 228
27 99
190 300
102 129
134 35
127 194
173 225
85 226
15
19 215
12 295
167 284
49 262
10 44
115 292
189 226
50 188
31 253
215 209
110 227
87 128
157 238
19 105
6 5
15
142 237
131 263
210 36
284 1
213 263
74 54
92 176
87 268
144 198
13 271
133 116
287 95
4 248
233 102
139 105
15
249 149
110 102
80 28
96 269
130 200
167 11
29 231
272 99
288 146
144 65
13 59
290 240
8 66
265 26
112 280
15
286 284
41 67
78 196
30 234
154 244
152 7
254 11
87 105
271 231
52 49
156 55
262 204
11 156
213 143
59 253
15
48 106
278 46
181 289
294 272
191 45
250 237
218 125
128 168
1 211
298 229
6 179
78 241
260 33
219 144
86 196
15
70 213
56 47
114 53
141 217
279 232
29 58
38 272
288 249
59 165
91 69
216 275
175 3
193 32
166 95
258 243
15
21 69
241 214
228 15
143 120
166 63
5 97
36 267
79 39
160 236
291 145
59 29
161 118
50 26
88 95
292 245
15
144 52
174 115
289 96
122 215
163 172
203 162
43 190
84 25
168 284
27 56
167 280
209 78
298 74
241 85
35 143
15
231 287
225 299
196 148
4 30
76 48
79 253
191 107
94 114
259 212
169 3
107 290
54 279
89 241
35 81
233 150
15
66 226
203 113
153 117
257 252
241 10
33 269
279 251
213 91
40 78
174 160
123 218
277 253
7 62
96 57
107 149
15
53 81
108 279
300 138
44 281
40 259
193 15
99 181
274 24
96 34
65 17
249 133
68 18
128 109
257 130
147 134
15
6 49
220 64
171 8
116 237
10 67
23 150
146 114
24 117
218 28
237 186
274 222
113 6
236 41
270 83
113 82
15
278 173
109 124
53 292
185 244
250 36
231 299
249 69
159 39
245 184
270 295
262 231
11 31
252 245
134 123
172 45
15
215 255
289 215
37 14
95 129
25 97
193 70
252 36
279 142
299 157
206 132
10 53
190 108
282 42
124 125
289 80
15
146 73
150 68
259 219
188 214
77 74
188 178
167 42
35 166
34 133
231 156
199 126
114 2
65 42
248 158
227 16
15
187 176
221 243
56 223
241 172
121 104
47 72
203 34
201 23
81 94
251 149
61 283
157 181
102 136
129 208
166 9
15
205 274
299 234
268 170
52 116
158 237
70 25
195 142
52 157
72 106
265 39
70 234
246 196
29 164
172 244
255 144
15
10 273
201 278
277 100
259 49
142 92
107 25
297 241
107 163
38 293
100 125
122 221
246 135
232 64
227 8
202 290
15
222 140
44 112
254 254
138 73
2 37
185 214
82 110
272 200
231 144
22 199
16 235
73 115
95 171
128 154
140 10
15
153 170
233 268
79 210
104 276
177 152
241 201
46 273
296 125
193 163
10 18
5 144
216 199
273 285
251 189
80 26
15
191 199
219 99
8 34
235 240
211 231
32 230
266 9
251 183
262 163
46 153
122 176
171 239
161 289
221 206
79 251
15
213 86
205 160
45 140
265 37
175 13
31 256
79 264
209 296
269 135
52 266
189 257
30 276
186 269
39 49
257 27
15
99 115
299 244
145 56
177 135
41 82
219 187
287 129
206 271
290 289
240 20
180 183
238 84
172 261
20 138
103 121
15
33 271
210 266
192 236
29 37
205 170
211 12
291 190
194 260
179 248
71 44
244 83
89 256
264 191
178 48
16 126
15
199 175
279 22
131 102
58 300
32 165
107 109
103 118
187 56
196 78
31 252
71 42
244 193
195 247
240 85
173 217
15
72 289
34 63
282 205
173 285
69 158
201 278
175 41
248 159
3 4
289 140
191 198
52 155
242 73
252 293
264 125
15
46 267
138 10
255 62
75 210
99 29
252 65
172 292
154 4
120 96
210 39
195 287
91 128
230 173
32 225
139 214
15
149 21
219 212
294 3
142 138
220 177
169 257
43 231
281 14
107 136
100 59
274 286
280 191
126 86
165 26
187 189
15
230 47
22 276
215 248
275 50
100 72
62 181
105 172
298 65
149 22
263 120
250 169
215 209
67 208
55 265
54 279
15
134 84
232 130
289 289
239 225
165 202
105 239
76 128
216 169
118 215
36 12
225 171
263 256
173 119
126 266
75 56
15
209 143
47 170
33 25
84 69
227 141
72 97
179 156
227 141
209 23
136 293
182 65
157 27
70 260
23 225
89 227
15
224 276
93 243
235 130
193 241
98 183
151 90
117 149
66 93
94 188
23 284
4 267
13 144
94 5
68 137
61 224
15
134 209
272 34
16 293
109 267
172 115
226 159
236 254
251 217
229 54
47 230
288 282
215 29
11 170
249 133
36 171
15
176 117
213 50
186 110
132 26
40 78
175 294
14 99
281 52
184 69
238 24
163 163
232 257
284 150
239 157
105 274
15
181 21
174 13
46 168
172 186
115 79
234 152
242 87
188 16
92 123
75 225
177 92
37 40
236 11
59 15
120 97
15
182 1
183 268
271 14
138 135
55 184
20 171
11 196
267 175
63 162
128 170
286 200
271 249
13 233
231 52
286 184
15
78 50
284 107
149 30
160 114
175 44
143 252
162 133
151 279
198 187
51 81
11 85
148 25
15 24
152 163
102 51
15
296 249
50 106
23 186
298 93
61 297
167 288
268 297
6 161
79 13
10 132
46 157
258 142
141 185
82 32
127 41
15
194 20
123 178
178 230
51 157
102 187
155 126
6 227
113 5
267 127
136 8
241 36
94 157
253 32
160 280
268 77
15
259 144
161 175
92 152
9 90
200 123
180 146
161 261
124 240
90 159
203 6
273 46
100 267
140 156
203 111
189 213
15
77 88
107 129
197 118
106 252
285 261
142 178
62 200
120 299
138 102
73 57
49 72
77 96
220 239
62 263
122 222
15
194 143
156 53
90 259
45 188
222 23
189 37
153 170
26 36
11 48
43 223
162 14
68 52
33 132
5 287
184 262
15
209 15
57 119
32 215
165 196
106 25
162 236
273 236
148 147
236 118
57 19
120 75
55 33
113 156
204 37
93 36
15
141 192
167 192
123 28
231 50
286 73
180 204
119 27
23 163
194 159
91 21
179 191
245 182
136 7
37 266
216 180
15
102 167
86 29
250 74
228 81
29 285
80 224
224 89
80 241
273 274
281 83
48 90
274 41
255 294
74 249
209 300
15
5 25
14 24
158 223
182 197
291 58
26 86
224 282
221 58
8 193
85 262
265 166
206 236
87 114
134 56
27 96
15
161 153
190 204
72 42
232 210
184 32
231 143
265 176
121 58
31 8
69 128
114 87
240 57
30 29
236 112
157 47
15
167 126
121 169
278 271
31 255
103 171
100 203
214 289
107 138
120 266
213 264
140 4
67 100
98 188
282 277
255 199
15
146 172
259 229
258 250
67 207
17 63
111 139
75 279
101 109
199 211
182 177
230 115
60 297
291 70
11 14
262 219
15
284 84
236 117
255 148
296 204
73 210
155 244
165 42
49 96
250 23
42 270
21 184
186 86
13 131
43 287
25 200
15
244 208
138 1
239 163
256 77
162 74
151 293
233 15
290 270
230 150
29 151
229 282
248 217
187 82
141 296
108 242
15
95 160
254 54
4 58
81 189
255 138
191 204
227 234
123 93
200 93
58 133
116 6
3 99
161 256
76 290
261 187
15
85 44
292 76
298 112
51 272
51 217
177 88
261 91
178 98
273 206
8 31
298 265
97 103
18 111
58 52
132 224
15
195 189
111 13
240 118
65 50
282 178
293 228
29 63
40 54
159 124
72 257
124 44
185 20
41 117
160 135
115 67
15
11 237
172 273
61 140
58 197
267 35
37 289
13 51
267 295
255 119
296 96
37 136
124 54
164 187
209 278
270 96
15
160 88
297 158
106 201
16 248
296 145
71 53
195 164
104 101
49 269
78 220
185 176
248 22
134 110
10 54
12 201
15
107 284
210 273
226 216
63 81
66 79
197 47
101 174
283 4
113 110
148 93
174 59
71 26
211 101
177 252
141 238
15
79 142
282 136
27 191
125 220
94 113
142 92
300 114
288 188
89 19
159 163
60 193
187 249
47 21
235 94
283 148
15
109 170
224 288
73 98
127 61
194 25
237 127
172 239
112 283
164 145
138 40
159 224
71 155
218 17
275 286
94 181
15
58 132
140 114
113 291
265 234
103 29
186 181
27 225
2 176
39 244
41 69
20 255
1 241
48 294
1 172
291 118
15
189 136
177 261
30 63
27 266
186 295
283 284
268 211
86 68
252 41
266 116
232 11
198 67
142 203
65 66
103 105
15
68 157
266 265
68 238
119 296
109 167
300 84
188 220
130 210
95 56
176 100
192 272
118 72
276 154
268 31
145 266
15
13 274
12 123
12 127
172 31
201 209
161 67
18 271
12 13
257 139
179 16
182 192
274 228
17 121
140 142
267 90
15
61 158
235 178
126 114
26 196
202 194
290 53
53 37
59 90
242 270
73 288
290 243
77 34
196 192
262 148
234 222
15
202 114
81 160
86 112
169 294
81 21
59 283
79 117
294 115
29 117
188 190
80 283
268 45
167 185
300 207
261 36
15
298 251
264 171
294 10
293 39
213 216
231 176
130 87
300 109
280 282
243 2
104 121
85 165
109 158
15 109
108 101
15
244 94
62 86
170 61
69 229
190 106
236 42
39 70
88 113
139 46
81 283
89 295
122 58
32 283
108 229
6 66
15
196 69
255 270
133 145
169 212
278 255
204 32
167 48
258 261
151 266
203 108
205 159
198 29
247 186
91 17
208 1
15
190 185
211 78
5 98
109 131
241 250
140 297
103 81
207 55
266 118
56 75
81 65
297 213
124 48
115 293
104 8
15
107 233
2 272
16 15
22 52
127 253
224 100
161 222
64 214
125 23
20 233
61 166
166 198
24 225
94 43
195 60
15
26 149
204 189
32 194
261 3
7 118
62 274
279 211
157 71
265 109
219 209
44 205
195 144
18 143
168 286
239 132
15
48 215
5 156
94 223
132 242
185 83
283 264
121 89
159 185
258 203
85 223
119 65
173 216
238 173
20 111
270 218
15
131 223
159 276
99 284
236 170
189 269
173 174
92 206
271 293
40 175
185 235
226 89
76 112
43 192
161 236
236 238
15
38 181
18 261
118 15
212 266
4 183
111 186
74 208
179 159
223 9
5 8
90 100
288 210
40 59
67 72
52 246
15
68 267
112 263
35 229
14 23
46 270
81 117
225 55
139 286
189 200
8 41
160 3
123 240
41 256
85 289
163 71
15
54 237
287 189
119 124
282 292
300 59
13 32
237 40
61 291
165 154
4 106
241 113
186 191
295 113
20 296
19 204
15
123 56
82 51
262 220
145 197
155 139
65 122
203 207
33 165
152 246
9 66
47 186
271 282
275 120
253 203
101 5
15
219 151
103 260
295 226
232 4
137 288
130 78
195 108
43 160
277 187
227 167
37 182
112 107
239 27
62 40
106 175
15
152 178
273 216
213 158
300 298
187 223
77 137
88 40
88 205
35 49
292 225
99 144
137 180
54 119
237 34
72 194
15
77 157
296 29
100 253
199 196
127 259
292 254
263 270
213 218
162 144
51 239
5 55
98 292
51 240
223 242
300 65
15
56 21
136 185
37 154
239 80
168 40
164 160
190 149
172 178
201 135
195 63
90 18
161 171
81 251
226 153
212 291
15
42 285
226 81
28 37
278 295
239 292
60 96
180 196
267 32
100 219
257 123
19 243
111 173
125 90
239 48
158 191
15
176 4
248 207
26 80
40 14
105 215
246 297
144 65
28 265
247 152
95 16
224 267
146 223
120 234
189 2
46 33
15
196 279
286 1
202 156
214 206
25 203
178 137
300 148
43 299
206 93
187 184
262 26
69 223
44 220
4 201
279 213
15
109 192
245 196
9 175
7 157
206 225
201 139
247 3
208 17
26 265
59 237
36 173
12 190
237 274
210 77
14 265
15
20 45
259 55
111 150
156 3
246 44
143 117
257 250
66 175
21 85
275 186
19 280
26 123
243 158
9 268
139 106
15
185 43
56 132
7 122
127 115
227 82
259 124
11 225
17 11
282 256
283 292
149 295
35 49
160 12
67 95
180 275
15
233 238
261 21
266 36
144 63
64 271
115 77
34 69
146 31
8 276
27 41
81 50
69 237
167 53
294 218
68 43
15
73 263
100 102
145 151
182 28
207 63
260 238
10 74
260 276
120 151
13 188
244 182
243 281
74 31
69 170
188 194
15
23 101
42 68
243 75
21 14
172 168
18 259
31 252
232 104
293 292
35 230
296 43
298 67
142 227
118 289
211 190
15
153 105
141 55
95 168
12 213
116 72
62 115
149 283
36 254
227 201
280 169
136 290
200 86
152 238
273 264
294 76
15
178 22
263 170
187 266
20 235
52 96
22 154
128 216
252 261
169 6
43 8
2 251
135 134
298 80
228 281
297 166
15
75 133
25 118
41 199
164 218
69 46
227 19
42 188
267 154
265 71
63 17
145 137
298 297
159 207
212 219
246 184
15
205 49
221 102
14 238
172 257
22 170
38 91
141 265
137 150
176 95
50 68
226 101
136 120
281 105
9 275
21 179
15
250 125
254 290
181 4
63 115
192 41
192 171
40 159
194 86
84 104
172 147
87 266
250 32
285 52
229 189
11 121
15
164 137
116 110
256 218
236 74
176 21
196 245
105 184
38 236
56 280
262 1
155 1
207 251
186 236
162 7
125 181
15
66 57
146 256
123 207
230 51
60 48
38 115
273 268
41 27
59 226
267 105
267 181
262 128
217 74
10 70
238 24
15
232 40
196 253
202 215
255 40
76 119
291 289
138 294
197 255
236 165
274 166
170 94
209 99
130 100
270 160
190 89
15
94 114
90 30
282 215
161 167
160 84
156 234
292 74
168 201
88 96
281 64
197 226
242 67
12 147
53 27
5 110
15
88 287
70 124
260 122
227 264
28 260
194 193
104 192
262 14
159 15
201 107
192 154
182 20
132 85
115 270
201 22
15
114 65
28 222
99 190
278 240
120 19
54 52
235 167
266 183
45 147
77 82
282 181
98 21
229 152
123 77
10 263
15
63 205
290 157
73 7
98 223
259 94
175 92
167 129
9 108
236 82
47 272
19 165
103 172
116 273
97 48
209 135
15
115 282
132 147
65 285
57 154
279 168
143 113
61 180
236 100
208 213
170 181
282 128
211 48
146 209
191 89
49 51
15
87 56
1 120
269 87
216 233
58 163
99 97
81 151
7 250
40 225
295 150
88 123
263 248
172 119
223 230
200 29
15
238 141
121 66
170 17
226 80
49 195
250 254
84 109
192 119
172 62
160 29
49 61
24 94
213 4
288 7
265 297
15
40 81
300 265
206 144
92 151
233 69
27 34
42 19
50 122
2 24
63 229
55 123
8 128
218 131
166 86
196 191
15
205 125
240 82
25 93
243 280
13 28
184 119
2 283
109 131
133 280
216 285
300 245
49 203
36 13
43 36
27 162
15
42 17
207 224
149 34
293 38
141 102
183 49
105 75
288 214
144 110
104 178
13 252
5 72
65 101
143 299
78 143
15
185 243
141 126
92 67
146 25
84 297
235 264
162 241
204 178
262 128
222 291
137 159
211 44
55 15
204 120
294 239
15
294 299
16 209
248 91
87 299
42 57
286 96
263 208
77 250
174 266
262 58
25 184
285 168
288 239
178 250
9 80
15
193 215
225 225
117 107
219 242
165 29
75 19
226 287
45 215
201 299
224 246
299 209
91 297
32 265
137 129
268 244
15
234 42
128 195
65 163
151 111
92 71
27 128
11 82
123 41
84 55
224 153
295 265
220 272
221 137
270 44
238 51
15
246 97
73 128
114 229
265 154
279 94
222 53
76 297
53 122
275 11
220 258
53 179
244 266
17 277
113 234
94 70
15
284 19
7 38
177 34
118 216
272 162
54 164
239 182
168 54
168 21
190 217
79 176
142 81
13 1
38 273
109 62
15
25 63
47 71
290 9
199 279
80 40
227 200
111 76
125 8
148 6
155 23
260 55
169 225
261 274
144 25
251 26
15
166 249
50 94
201 158
262 133
19 112
51 143
282 244
256 227
69 191
275 17
206 244
49 283
90 29
275 192
66 288
15
151 227
260 255
206 220
190 265
141 173
136 150
64 162
244 176
178 116
107 299
246 36
71 276
189 38
254 296
67 190
15
31 76
184 190
271 72
252 203
167 170
174 97
253 19
149 228
281 257
154 6
50 204
50 71
141 179
14 33
43 69
15
225 160
224 260
50 217
89 125
44 89
76 137
43 233
136 75
256 187
138 242
238 36
89 264
55 242
54 253
35 53
15
182 236
181 241
264 121
205 95
124 51
227 205
20 195
228 180
41 191
284 173
25 102
61 193
166 112
52 45
163 56
15
30 44
190 52
227 196
195 7
101 184
50 151
214 41
140 269
256 175
39 188
52 85
300 230
190 28
291 244
229 254
15
234 130
55 6
85 8
135 288
103 141
68 30
50 196
67 200
120 241
207 268
263 295
20 11
185 204
104 25
83 161
15
152 172
29 175
292 204
88 40
187 278
17 86
210 108
289 11
162 229
179 138
153 100
242 76
70 29
107 189
53 91
15
125 263
291 47
6 223
235 20
36 271
6 91
72 51
174 287
1 74
239 62
182 113
249 196
141 11
245 66
11 23
15
13 94
33 166
27 116
73 63
23 13
161 3
38 253
107 204
285 295
166 195
178 62
99 29
124 21
75 56
282 245
15
168 210
172 220
154 190
74 289
106 68
292 3
214 128
52 43
99 295
96 272
48 270
244 165
106 88
137 253
121 86
15
105 234
117 190
5 70
11 113
6 170
90 278
161 266
122 297
93 127
249 277
190 263
276 76
179 289
245 259
30 106
15
292 36
205 238
45 67
168 34
259 132
292 20
218 136
209 193
84 78
189 241
191 119
255 186
23 259
266 166
7 104
15
219 217
15 196
175 183
155 164
261 29
236 300
144 181
125 36
65 161
136 119
178 211
271 76
78 13
289 102
200 179
15
81 179
250 283
253 94
68 81
29 141
277 37
26 290
31 122
140 94
32 71
260 137
234 25
141 44
295 280
136 286
15
17 92
9 17
22 174
219 33
215 223
65 72
291 10
251 90
25 213
48 140
208 145
154 45
242 26
37 287
34 179
15
290 249
101 226
180 248
144 259
282 296
181 57
100 104
300 89
108 23
98 288
20 283
223 1
40 288
18 292
23 205
15
271 89
198 105
113 9
84 47
264 89
195 23
210 188
285 182
155 140
198 194
111 85
186 137
115 140
147 237
88 100
15
82 280
111 99
63 216
254 261
128 258
131 18
147 52
255 224
193 116
173 221
209 224
92 45
8 47
294 219
70 72
15
14 92
180 271
145 135
88 111
174 211
146 155
298 164
42 155
121 10
252 184
8 34
13 5
16 124
157 48
54 120
15
247 190
106 155
247 59
237 275
133 97
96 125
182 183
40 67
77 263
291 222
19 119
229 170
68 249
208 229
169 169
15
10 89
45 105
111 101
1 87
59 14
42 222
159 270
102 179
157 189
144 108
54 291
227 56
272 90
291 251
22 155
15
76 17
190 195
208 235
119 86
242 145
113 208
120 125
157 130
54 223
99 185
96 239
200 159
181 233
46 122
66 38
