300 30000
15
55491 30410
33846 29220
2391 33294
53541 32139
51026 18203
59596 56261
49042 6135
11465 44196
20286 27069
5777 6566
51532 47115
59033 13507
16458 4047
27818 43291
41447 1799
15
12465 12264
18283 9804
59600 49970
53199 39626
56438 12614
355 46202
32137 45566
34240 55272
38860 17711
19511 23797
31049 15926
8156 28639
24623 7963
27233 9835
7375 59817
15
12207 18338
40612 14851
31699 25836
31452 19306
1002 12843
18815 17525
37108 12895
48009 53322
28804 48151
46909 26034
32862 42235
4607 10912
55080 20776
21928 59644
8488 10165
15
16733 20935
41680 27173
12729 44806
53664 42998
9701 16930
12623 28643
2505 59435
28895 55277
29219 47303
56428 17999
55352 42495
16121 49268
47577 26915
1273 49178
30279 13164
15
28804 30175
19735 29445
10064 28329
53741 47470
22235 10828
47253 39610
50971 21119
41986 22285
46068 55862
32790 22952
49988 2391
37929 57120
16431 27762
14509 6796
35203 49694
15
22606 8934
51002 22
16724 19461
12791 2482
45795 49462
14055 43349
55213 19343
7055 31257
58190 24776
59692 28994
5761 5291
55044 20724
14988 18203
23822 59173
40129 10415
15
47396 11303
15287 46670
19443 29189
21732 52311
2534 15905
21335 48134
39088 14222
36824 24743
39656 21940
52357 33224
42105 32130
11409 11439
9546 42078
1794 49736
25237 9518
15
17819 37067
17608 24821
30576 1676
38868 45407
1147 25717
31870 39545
54014 33347
31401 8098
15365 23150
5229 58975
5151 56488
603 49949
43854 34778
3363 8947
17503 16275
15
20398 48831
56147 41210
38222 14747
54491 39396
28854 24896
15131 22220
58158 7453
55644 4421
35146 47567
5443 6083
6096 33800
44099 40809
56842 46438
13953 43601
59559 16694
15
42811 47931
3594 48672
21614 1119
1529 47909
49300 29211
12244 54168
13435 41343
5519 44548
29592 55705
27269 53740
57614 38883
12419 7222
19070 51534
40612 41742
28817 48304
15
44641 12175
51450 41796
29613 53606
20179 14146
25360 18420
58051 38549
22002 3102
22456 45584
21236 30760
24220 1908
370 3241
20985 31732
25235 17492
3099 2831
716 36278
15
57807 41464
2747 32688
34804 40426
50913 36404
20335 24304
13006 1800
31227 13403
36784 36740
23328 16301
59669 9613
53292 57103
16873 17385
49769 48920
25758 30128
15085 26785
15
6080 15836
44693 8465
50963 45295
55849 46500
52632 38345
21865 57457
22563 12994
1421 38977
33107 21760
5283 28387
39314 50584
44817 53206
34074 21657
41081 8141
1291 44690
15
27729 914
55100 53184
24456 5839
6461 6290
23934 52535
53702 36797
39348 34157
22428 6581
29797 31517
14657 6682
44344 17504
26455 34443
56652 16591
14717 11014
3466 48254
15
14868 44182
46572 24437
40719 26964
2453 822
37115 8866
17365 25302
58248 13652
12051 41732
32925 22908
28090 15587
3415 36741
26521 4662
17330 769
38725 5239
47883 53163
15
6646 45255
58462 46711
35493 24246
52595 37521
15861 11211
54351 44030
22721 13920
5968 40304
31624 30999
5035 25883
29267 56052
19738 21281
32361 27283
47333 13043
44187 13165
15
49011 888
58351 40301
21317 54234
49955 51216
35144 26434
20751 8168
57741 12884
27985 40182
19175 53634
24168 23350
19470 6684
38146 53918
23160 6748
39610 42097
18931 18123
15
18600 19959
54809 56020
49734 2224
1499 32201
5458 36572
16508 14719
6298 49591
57249 55039
46211 10104
36017 27709
58064 4905
2483 37720
22664 22627
57482 11500
57355 55530
15
13238 41174
48007 59991
3370 8479
53635 8220
32329 58227
29439 30320
58286 44868
10390 1393
20489 54801
27318 50132
43598 41076
25206 28199
14778 53325
4825 17021
13935 37408
15
14879 44529
28371 3897
26779 3976
56491 37755
20195 17334
39082 25076
23763 27810
14191 15078
38145 2450
57367 31379
35345 42739
20524 52834
17342 11445
51384 25889
52743 14608
15
43616 47476
28164 25233
52438 30381
38651 23828
20592 18479
24968 10560
44341 53402
56468 39450
31463 41842
58924 57503
49209 53809
58358 2931
53968 42655
29571 44022
18463 20953
15
6045 40248
46386 52134
33511 38630
22098 6070
42483 1229
5964 57301
26670 45668
38209 38181
35014 15575
7843 34490
36994 46111
28235 52583
24224 51177
7618 45167
881 38273
15
23899 8896
50290 57900
42471 20926
12342 39491
29996 24757
5767 39664
16312 17110
35185 23213
4279 47609
8743 29125
2519 57019
37116 27235
30864 14602
28923 54449
58487 23817
15
6738 20193
29561 33930
33450 20505
25064 21316
6667 54986
9197 29084
26802 38035
39622 18823
42288 36090
2662 7764
39070 32532
15603 35345
49973 13710
21839 23477
58963 55601
15
16526 54073
19307 31039
19231 33233
11116 1533
37353 13506
36762 21234
58872 24790
40189 26288
16091 34404
36019 43640
45819 59604
54910 55493
21272 53442
59735 41561
2429 2910
15
57506 8708
54467 30277
28835 7691
42383 35392
40986 7802
41248 10700
39312 24902
47298 45307
21852 40419
34257 22309
47364 44897
45831 20677
7807 311
13724 21672
18882 13874
15
12400 10124
38427 11649
38316 16165
40922 16307
5693 20391
16224 31797
58542 12555
9309 4804
44108 48032
44028 58531
43449 22212
6846 2535
30099 57551
42046 50105
18374 17130
15
57164 4997
26048 5673
23127 37821
19410 49870
15890 46476
146 56666
7792 32797
50053 9792
27064 7556
38662 43193
5238 22989
58449 29054
11254 30667
19559 26628
28771 43653
15
54733 7618
21391 41858
4097 57055
46377 8461
51579 11669
29088 25927
45561 39677
37577 11411
35813 44521
48592 26962
53751 33394
55493 41656
18853 10675
25743 25380
10192 10290
15
54666 47878
5634 53414
6510 45513
34278 24503
3224 53069
12126 2937
25126 33719
41858 45902
1773 35578
55406 41237
25561 46854
53868 52152
28856 2954
23816 9871
5489 31814
15
45346 58892
20351 12712
28435 43748
48685 23397
28631 50780
13442 25481
26693 32691
39407 3249
45517 16881
31037 21005
58831 30603
36251 42915
15516 16207
38373 51260
26477 11327
15
43691 11158
52247 55561
24369 11463
12639 45838
36602 17119
59061 16615
2807 39381
33533 22828
17597 31756
24741 16292
53766 12607
55501 31817
19148 44582
50873 52046
28002 27847
15
18026 33599
48557 35524
54812 1579
41834 25910
9917 32717
17499 43939
30996 17350
29636 31239
12273 1597
31700 40486
48821 29330
18781 58481
46057 2885
51752 36297
38371 14998
15
59671 49020
57560 31495
18559 35844
43141 57309
17957 35883
48419 9350
1357 36616
4259 15188
47 58992
42728 44839
6676 18111
16531 18167
55650 47042
14385 44173
26575 47227
15
5889 1351
36035 14856
59831 18558
36083 32968
24009 57764
22376 339
55592 16455
36608 13971
9006 15702
3286 18660
3823 29207
59516 59644
24998 29326
32265 31975
14011 45314
15
5562 19144
8320 48827
19279 58825
18012 50601
24171 12647
50148 49540
58722 3434
11886 47897
41078 28870
10766 8535
50320 38663
6162 6654
49675 7695
41409 6402
7326 42588
15
59343 50655
2544 55342
49979 47065
20204 5954
6246 48912
11424 24495
29382 17854
36679 35157
27683 675
41102 31318
28867 45600
14599 796
18462 51850
37785 7692
17370 47630
15
56667 27184
35108 39593
25561 40623
3235 43698
55524 54390
30043 31571
48677 54792
51290 57536
30717 59402
23366 32771
46828 33741
46843 20280
18490 10596
47457 21085
50190 35821
15
37107 48576
30571 2412
13101 1617
50964 2221
56604 31075
14406 54312
3398 4318
56349 2053
2596 38475
31720 16989
56642 1892
19238 22423
2017 26172
59371 21031
42535 32593
15
14145 57054
14778 55548
38697 23907
37725 8108
26813 25697
32001 33243
45420 15386
58420 16898
28409 9401
51127 50807
9111 48120
48079 58175
23297 31333
42406 17372
46034 16762
15
7766 35706
4466 11930
31332 16110
23013 6366
56561 27324
59077 14802
13033 12701
24785 29971
1200 14758
19565 44861
52872 14407
37504 22604
49054 33047
25230 41631
15887 57559
15
1779 12161
8389 3811
11300 2902
59749 27853
32829 4554
12054 18125
9669 44481
49947 41947
36947 32011
17465 12677
40916 39731
52150 42021
41867 1421
53864 55328
32772 36580
15
54500 49035
42659 20021
17189 25603
21110 35339
45317 44336
24211 54665
54895 51576
21692 29469
56372 5992
1293 409
14947 17135
12613 57740
55151 28522
32601 15382
45839 9393
15
38825 55067
51570 8903
27899 59641
56034 23279
52864 38868
38574 48994
740 46759
21006 50066
32487 14756
0 55997
49501 51703
13077 6428
30604 16795
41392 38833
27596 32884
15
14217 14582
55873 51179
29916 35863
37148 4748
52510 1960
32830 41412
30253 1362
37734 24863
51994 48452
34370 20402
39717 13463
2411 54438
19304 37221
55615 16617
34179 38969
15
28401 53325
59903 56990
10069 33217
14482 57613
40561 8340
21050 3294
14361 19584
7451 14885
56832 42921
59821 31164
51910 39231
58235 51517
53700 43332
35151 43925
47281 42452
15
48880 37416
38919 30263
59075 52883
43339 15329
949 13482
41603 42863
2232 15210
47531 10727
19596 5595
38030 26073
4293 42734
11052 15922
56310 5467
11847 714
35699 10677
15
24606 40231
34165 12309
52570 1240
7317 15851
43163 37533
18425 15309
20465 21156
47660 13439
1322 41248
40266 30638
21169 20312
19646 31005
30231 27839
48349 50287
46565 44980
15
16167 49272
13540 20114
27555 48847
41449 19945
46775 45466
40251 32905
4893 1248
29571 35557
30889 17366
53384 58300
20559 54727
46647 25241
50711 42696
34919 20700
53461 607
15
35509 59453
33309 23187
14575 23552
45679 12207
1289 2827
59825 40775
42372 15775
44113 26771
9107 36572
9835 53366
25995 57384
23193 32913
40341 572
29790 26842
45420 10924
15
54838 55493
32235 18351
11289 31024
43959 51351
17870 31688
46072 7488
20628 58779
36733 12260
25301 28866
23744 12404
49783 18046
41188 2952
57286 8090
799 57310
35036 24596
15
31780 19665
16689 40198
37930 54501
37705 55832
22058 12224
43920 1836
15657 23768
9191 30163
53206 9582
29432 58297
15594 33306
57259 54974
7421 51667
30846 49645
23561 40481
15
21590 11334
24959 49127
21705 28969
20984 7536
25235 42998
14190 37568
21859 41292
54440 17599
37777 55938
20469 18328
2974 36311
31338 53365
41419 11888
43368 33521
50714 36321
15
5500 30219
31020 51575
36810 4336
57036 31785
59435 35784
52448 18194
53355 16805
26376 32281
35584 9200
9475 25748
2902 52768
53808 32276
53797 23522
58656 27950
26066 21820
15
10318 1259
23730 36544
55928 43876
30148 42384
49010 15174
18775 1074
33718 47401
56342 51197
5318 8834
40144 3032
46835 2202
46442 22106
28073 15437
25992 54888
459 24679
15
47909 16914
17062 15592
27482 14493
31339 16829
3341 15182
24831 48673
39485 15348
57060 11821
44841 22441
57437 2521
13511 997
28593 53636
36635 23333
16196 9573
6610 6968
15
5066 58141
56291 27394
5486 16277
5639 53469
47924 56474
1686 4999
37104 38782
29718 2971
52582 13358
6706 44013
39567 9640
17594 38168
34560 38411
7400 55558
59727 57552
15
19425 8820
38577 587
40253 38666
48203 8224
19977 3040
52817 54993
9361 42095
9574 48315
32074 17167
58188 57462
13644 5078
46043 43879
48942 44730
41260 8880
39225 45230
15
41289 53396
30605 45658
10353 33784
21331 27052
38193 14436
41513 11596
28823 45981
18360 34531
21753 983
37578 26196
33111 57088
47851 16083
4760 32754
57876 44346
10352 16794
15
7497 58966
53807 49153
23302 30307
31983 55063
58021 14291
18760 43544
11639 37294
32444 7087
16767 35044
53269 22581
22009 29487
10573 28109
26327 34961
763 28594
7965 41778
15
24675 11290
28688 38743
7964 22099
24096 17120
753 54004
3214 58275
22010 15658
52962 29158
46488 15800
30746 48424
54308 6251
25098 8098
33999 14726
2127 49297
2417 18024
15
8080 22149
32704 14965
45756 15825
28340 30503
38261 51982
12243 40282
8623 39207
17409 44298
57858 31108
50384 21467
10193 31385
13022 28076
27810 46154
37308 50344
8049 43399
15
24416 8030
30854 3238
44634 23448
53620 1725
56848 9174
42075 40186
17018 4574
57903 42392
22777 35169
22280 36204
1832 16959
25068 6227
23587 20577
48962 54035
17568 22512
15
42002 53688
4695 25462
15344 56502
23600 27946
24016 44154
5928 33825
19576 58439
8878 7124
40821 59642
27763 17687
6911 29585
11926 17411
44926 3709
40195 50918
5399 20851
15
47578 42023
36325 4872
41908 44138
6800 745
37239 11813
40679 57940
7330 12376
21127 51951
59291 51083
14495 54431
52247 44601
6857 46145
1584 36266
16758 37108
52813 7876
15
35417 24228
59982 23326
44897 37094
21431 14769
3055 24933
7948 45436
22235 21780
52071 25638
16984 29169
875 31329
8684 35096
18378 56187
52873 29845
32080 17389
36751 22556
15
21544 14832
47187 11292
32610 55451
56765 30379
57551 31890
53979 10412
31653 2828
51600 7225
54427 55988
50784 39760
25953 57481
52103 28935
20182 44747
17067 54050
39348 56647
15
7408 58685
3080 3028
41308 44998
52764 18770
53537 48756
50013 51034
18408 46386
40053 13177
56248 51179
33811 36464
29499 26279
6525 2463
31927 54254
7848 22904
47376 54097
15
52744 38978
3740 8073
55211 37490
24454 34382
20568 7345
11172 8469
3781 19702
57003 3202
2089 44339
31992 32493
45306 3262
38923 20125
38799 9660
20056 980
31565 20007
15
23098 29447
13053 52916
44748 29185
48214 32493
22919 50924
39149 21978
542 54527
2383 2582
33927 22988
191 41494
50857 8673
7259 58379
4398 43044
4035 37675
2232 34814
15
25470 36848
27030 24880
9645 33600
50011 17948
14218 54021
3937 48864
38750 38375
4648 46464
47573 8829
35321 37426
52537 35330
12579 6972
32687 7032
13429 35649
34650 52603
15
37432 25985
2696 23667
45677 56118
1336 40047
4614 16752
23443 30130
48165 19319
54347 29337
38443 54826
22192 12840
29071 45210
44417 15195
9653 49121
9905 57118
23534 26900
15
53963 3861
29634 50238
3852 17778
47446 37683
45779 9809
1192 57535
290 6549
44407 19076
12373 31252
51223 42713
22915 18684
687 22346
47986 10269
10227 48443
11874 22377
15
14873 19671
2711 58226
41265 36367
3796 33261
15722 7652
16749 1346
33872 6042
20732 4468
44997 39463
54608 35185
47930 17295
27958 51131
2818 32187
8765 43443
23492 56539
15
20541 15382
55625 4718
51980 39038
48319 45167
4957 50922
8835 35162
41554 33822
22024 48551
12332 41736
18841 39891
39398 6003
6199 56005
40030 14827
31765 59504
2502 31668
15
2027 2406
26553 43229
27458 28107
46214 49828
52784 58413
20131 56297
44743 31816
32051 56296
25166 10638
12398 24653
34636 40801
27939 38470
3225 21706
2190 3839
44128 29413
15
59702 59513
52636 859
30897 20895
31309 30985
16559 49898
13367 59833
36142 36909
3103 53134
47811 38268
38969 59546
20207 3864
58892 10576
20478 39971
28999 23208
47027 39495
15
52678 3205
53177 57072
55032 48404
57068 1187
56177 56448
16013 54007
37523 2159
19606 58750
29632 3434
30663 24945
45244 52709
43548 32301
31014 22561
26587 44484
37681 19713
15
41674 57355
27408 55788
42675 32040
48999 47935
19447 44847
56634 5634
13826 23095
49543 9375
46736 35825
12558 25658
11498 58364
42146 35968
20838 43509
32673 53350
7224 6717
15
34772 13282
58700 20619
1291 13496
35484 895
36499 53370
30492 29710
14643 48778
15951 51934
23235 47498
31715 58425
46349 39410
9655 58518
12878 15146
32161 32603
45865 58950
15
23084 12975
48234 36548
29292 49232
49825 50917
26284 31537
42018 38954
37061 32023
51808 47935
23777 2876
8263 18076
19834 16702
42982 20912
9057 12256
40787 19045
21653 4182
15
13606 46536
49933 41032
45429 52748
51888 11772
30709 59291
17844 45311
44618 34361
5428 25975
38917 26642
49149 28380
293 44715
7688 40281
32668 35997
19691 26774
42132 43508
15
31380 782
32207 55686
12664 39405
32672 57959
4422 5354
10311 57626
3023 57792
50147 32635
30207 25975
4239 16180
19543 2407
34795 33026
8181 33825
40692 2754
32711 8587
15
50294 8182
56347 16790
57956 32572
42502 14385
17678 34788
40592 34088
55886 52077
19579 31055
32186 24302
33076 4769
58814 48488
53263 21116
19817 32601
30523 33167
19750 20776
15
58722 57851
43051 1991
41180 29560
3336 14293
1943 25429
6869 32990
52837 15533
52638 16263
22935 56332
924 13090
26935 43169
33732 24881
34866 27284
41976 1321
50715 3351
15
29876 4396
44935 53030
54888 24385
45208 49814
37194 6618
31150 52913
8102 21602
14027 46090
10881 52976
16802 28752
31307 28476
8906 17594
59612 56963
36456 40113
13892 32392
15
50894 20164
508 52646
53567 41025
52463 51501
21033 20295
15405 33488
12443 32987
43576 50099
58565 6433
15654 11610
42154 54725
44832 35133
28229 922
59410 42768
19081 44157
15
16045 18082
58522 16246
37230 31200
9562 15093
44099 41019
33817 45907
21426 50032
38779 9157
50463 20417
33789 45549
25960 29247
18313 45077
47531 8590
4514 8255
49923 47979
15
56225 8685
52212 15718
22784 5309
29668 30142
38756 40960
27248 37316
53590 52916
58988 57031
31422 27097
39565 31247
32500 4028
17327 6870
15567 58238
46906 42130
14163 59064
15
48551 11749
26871 18292
20262 28540
51643 9470
4943 55656
47291 43947
36845 35858
3458 7008
6455 59721
43212 14093
2746 51701
46130 51324
28084 35040
3574 55236
59879 15116
15
43868 48785
34497 10460
20827 52931
9762 42774
37421 1544
21907 4576
13496 29812
22569 13212
1453 55146
34503 13616
34970 14929
18307 6205
23256 16590
5262 32373
52453 36440
15
44318 18554
760 23126
50899 11161
22535 16728
16941 44313
57010 12257
4075 39172
50525 59949
52016 41711
1052 40666
26937 47774
35173 58610
36634 4803
50698 46072
9232 55235
15
1106 36508
587 28240
3223 47938
47322 45836
4993 9833
52076 26878
2169 59559
26928 39544
59123 4855
41671 30750
29717 33175
51907 2409
505 14129
37739 13789
28474 11303
15
23087 12202
34509 26797
59364 36215
2085 37573
33126 7406
18759 7060
11474 30851
8868 59573
8291 28400
8377 1754
35923 8814
38229 42939
31261 22653
13877 6637
57947 38900
15
15089 24704
55000 32226
22345 36117
33415 29307
57189 10013
5900 2699
7923 45126
51830 16839
23023 33109
26390 31872
4864 41330
2536 21652
36675 34848
6220 56498
31088 10235
15
46964 28194
22704 3548
11139 34937
45435 42476
25899 31933
46533 25646
38201 38519
38635 38704
43923 39235
7178 39129
8301 58775
56348 15683
57676 45938
1327 40964
5242 39958
15
47754 29733
3396 16865
3650 45502
40256 2938
57846 37686
1435 4335
11295 47726
41714 21431
29762 57613
37917 41220
44248 53533
43017 54845
41723 45033
26957 45753
56738 11636
15
17572 37558
19306 4633
33045 28703
18400 3712
47091 9245
56891 45002
56413 267
57995 41829
30421 23050
9168 58952
6967 36992
54268 58681
41521 8088
41607 8759
59578 7879
15
35023 25380
12004 56803
18388 5455
58990 522
867 56081
21467 49831
23611 1134
38063 35481
52312 27458
30275 49612
43863 14413
39551 19087
35286 31412
7247 41373
5487 9747
15
28011 639
25274 37264
31995 34077
34871 26869
13838 59516
59733 54836
12285 35106
53741 31307
47639 48409
12020 58319
44885 6020
35613 59976
59208 25870
56616 28931
25327 15808
15
30888 41220
29484 22901
58668 35502
26736 6303
24529 51450
3031 11777
4906 56240
49946 50617
40749 16964
3707 15580
3145 26947
3009 18046
7521 48657
54755 47640
35071 2114
15
59959 56908
58984 17760
54684 31024
16944 14424
32028 5011
11529 6453
16264 28299
51938 58973
38519 19184
8331 24288
25330 5081
13408 27065
25491 1958
18863 54826
30973 17535
15
40023 33888
56404 28725
5919 31005
26885 58495
30411 42322
13702 41458
8600 12703
31428 45835
58355 6601
17678 25385
36736 44722
14550 26331
30582 30103
57940 10296
43942 36710
15
769 41077
31030 1416
10698 20150
56434 5997
20331 18188
30641 51633
2486 45716
56451 33404
57084 11145
9636 13314
3941 7172
6572 54887
29664 49678
22799 20310
28860 42745
15
34521 14684
29849 37756
41423 44545
1269 38286
11848 274
44088 1565
55241 37157
52695 40652
12868 24666
4415 40644
44554 23206
49346 36557
44685 56252
9502 40742
30260 27911
15
34996 57182
52088 57140
45615 25810
21189 116
48018 51946
39878 25596
58543 52520
50734 15793
31476 5106
41727 49755
14417 57405
7375 47463
48546 45943
2095 49796
57014 45138
15
36768 49900
17129 55683
42011 11057
22434 22427
49262 4564
41783 55780
25962 59831
34099 40964
26186 38603
21380 47222
9476 17688
10513 9804
44004 15395
50508 30929
5006 28820
15
18330 26399
21536 31783
16142 29657
55363 57633
12093 3762
35803 35522
47167 39310
19533 41286
57968 42234
39685 27635
1954 57044
4404 35328
36125 49165
59220 31189
19314 31659
15
42983 17597
34750 23088
50067 58619
14597 4224
2107 50427
56557 57031
12377 40262
39323 2079
38751 46408
27177 44807
25458 49175
33142 18682
27576 55233
17633 53790
48436 55882
15
2711 45428
39763 17985
9916 38812
43831 3950
38020 27335
5164 55397
40475 57827
15817 43639
30239 40906
27371 47190
8534 49083
18553 2942
50117 40142
2351 3742
6572 52909
15
31711 31808
35736 25448
7775 41824
38876 6643
50199 25747
46410 41155
34074 31836
34040 34345
38490 11206
23668 59637
44475 56579
23719 59918
37046 17819
5208 34625
1529 45983
15
23718 49265
4887 47109
33227 58401
1961 50402
24156 36245
21092 37679
25710 41129
45049 2436
51290 26830
38582 31057
5301 20155
33833 9139
54969 16010
37015 7503
51919 22394
15
53894 14124
29188 29484
38049 28123
27141 32946
23462 1586
21570 3639
8923 47840
30885 45145
51346 18
13195 36678
49232 10163
39332 44160
22387 41375
36290 38289
20306 31833
15
38200 36585
9738 59233
45372 31822
19594 47536
21218 10092
4775 12345
57107 51126
5533 17651
38111 6156
10142 30525
52782 2750
54005 30637
40026 5941
39348 42093
16327 31872
15
28971 10404
45204 24064
18087 3773
7229 56407
34855 25852
20292 59569
11689 47363
11602 15274
22578 18844
14364 59343
43510 18124
20375 57633
51392 742
21729 10938
56149 9837
15
36996 53921
26415 34120
3236 28924
827 29582
16243 10294
7473 18875
26124 55199
31624 3939
45729 33122
15506 35522
34387 2902
55812 16335
14515 23426
54067 49820
17141 45827
15
30594 1455
26519 1773
16974 28377
47452 51305
44015 36265
22219 31036
35398 31197
46426 55798
25257 3832
5329 5748
33207 54583
48995 8437
10924 41858
48909 31827
55893 57530
15
3724 39719
15897 39053
51915 25698
28110 34157
45478 24125
51519 55710
36589 481
26174 26870
31950 32462
34482 21390
25716 59041
28232 51896
20525 43564
11930 32019
24385 8656
15
48324 58481
13334 42465
33381 59727
33394 11208
3435 18611
42277 29946
18016 16194
24521 16808
39290 33417
43560 25710
43859 23685
33621 46710
26086 19226
39424 21668
9269 22
15
9833 14038
18239 44084
17526 56847
57932 13149
13597 14687
38937 47236
34549 25397
3490 13051
28600 47118
40325 45108
8709 51072
35158 43284
29903 57402
48308 52993
12151 18575
15
1750 17559
58769 30641
383 13681
51501 56421
36466 31049
3020 57784
12590 23813
30526 53626
14876 34730
32850 51789
44774 24091
2070 11052
22786 4546
23147 45655
48332 724
15
1333 59994
30998 20869
9271 4352
99 24247
41217 7214
59093 12382
38705 40241
1561 37886
7636 49592
9525 27276
29793 31462
32464 1514
52990 5700
19710 52574
57565 7838
15
34328 6384
29439 47079
44589 43687
15405 35477
8054 55139
9037 4465
59718 32560
34067 13246
7577 26909
20403 12768
52105 57683
43959 30047
30442 34625
12524 15966
27430 36926
15
56465 41992
36424 59471
3493 17382
17321 8343
26530 53440
5148 17292
9745 49404
7378 48128
42294 30102
44273 15936
8059 49201
14642 51413
21170 15550
57725 44471
2162 12788
15
53923 42762
54776 32767
42379 7187
555 507
2994 5593
33299 33085
32219 20708
6971 53562
4260 50163
1554 13791
7737 18269
54865 45070
36142 49858
29983 34239
35153 29175
15
53924 20944
12868 11473
18583 37504
42796 51371
56345 56383
29230 18526
9552 13396
54876 54533
10715 35822
27715 4924
36183 34996
34567 18357
32792 12067
34963 58914
54032 27781
15
15080 36577
38841 1916
34652 25851
18136 47118
53733 2486
11431 98
39398 522
35205 42745
34623 627
3490 57044
30420 57141
37002 53329
2396 46884
38184 59308
40482 51647
15
5844 8578
52109 59138
14497 17333
18157 27687
23057 33205
52346 9492
24866 46582
59327 37944
41208 59113
27302 54805
58035 29470
18287 22795
38303 58792
38836 19590
46275 57371
15
17808 19162
17975 304
21029 42500
312 54304
7604 16283
716 27014
44806 10242
36072 10971
15547 46574
23556 22473
23629 29820
23276 3765
33577 35770
31645 3522
25398 57416
15
15100 3189
55454 26991
834 27926
32300 59508
53893 21148
6483 40392
56507 267
30451 43898
19825 3355
7843 49075
7069 1465
58437 196
17641 44318
58858 34126
17146 26903
15
3458 5549
24724 43716
26119 54072
11524 28108
26525 52935
43615 8105
12824 57300
33646 57718
39099 36292
19385 24463
33620 53555
15443 44103
34238 54654
37389 39860
46358 52691
15
52376 27805
7448 3803
40063 7248
55904 55108
56731 28870
20555 55287
25858 32844
50378 40464
27898 23814
2318 48743
28596 37812
4942 41925
55098 44036
44569 7655
56661 53293
15
55309 1728
36299 27775
15815 14386
35611 13496
32128 40746
13006 51691
11026 8403
24221 29545
37721 26780
48067 31029
23998 27741
2397 24199
35552 54711
37591 42825
21410 18909
15
52417 40305
23493 39863
49789 51775
18562 12884
14803 59633
16736 3590
4440 54990
13623 11659
13519 42832
19783 14630
22258 44689
42714 562
50688 32260
45875 31410
32835 23677
15
55113 56046
42204 23694
46867 51620
28587 48721
19257 59544
11554 32352
16160 48025
58167 26470
39894 31632
37699 35440
41192 13736
59410 31249
11862 4310
54431 3710
48216 56879
15
16025 37813
14802 156
10899 46820
23239 18535
36203 6557
54352 47262
14572 45453
12676 13829
38980 30942
57342 57314
36271 29544
28670 32261
55191 30475
43950 1587
27795 5201
15
11265 1456
36837 38934
45636 50696
33103 25695
36233 10490
26364 7842
9744 16728
32792 32822
31076 3461
29429 11951
38124 17944
42891 3610
5983 54259
58560 35531
59839 41304
15
17545 59888
57567 57674
24896 59888
15475 35148
53014 54019
2114 44043
37508 1691
36493 37420
13945 36498
19511 3820
49180 22298
56375 28151
51771 43733
53801 54067
2484 56520
15
40964 39379
1832 41023
76 24769
53017 16023
27344 53680
27119 19004
7094 31097
32091 33197
6016 33160
34040 54896
7419 31771
50653 40344
23602 59095
34730 50240
659 30744
15
27611 5619
1456 23835
49605 57731
24230 7405
43804 41848
33619 26530
5997 48869
55971 14870
12696 25903
30637 984
34986 24918
2408 11041
18609 37378
21977 43426
31417 22794
15
47224 26255
27810 4170
18158 13798
5243 41432
9537 47846
16291 14221
41232 6977
19853 31730
10761 27287
16887 7701
23251 8436
18859 52138
26265 18179
6104 11780
32849 28595
15
46876 33002
25089 25053
28009 23662
26067 48786
9691 5431
23858 38606
45784 55779
22447 12957
3235 15005
36336 9901
4452 44484
17136 46094
57090 34341
8173 39819
52729 10636
15
59907 5423
12039 2608
25249 31730
54814 17960
36306 53897
17523 11931
8132 55142
35018 45499
35229 23932
5031 39159
23692 16202
35865 41122
59206 33947
44029 6009
8936 16399
15
51611 10068
34142 34256
55102 29656
44610 34770
23833 49540
50877 45714
13335 39624
27418 24891
22157 8903
23284 31951
7906 54811
30989 46662
7563 38362
48011 35092
10226 46892
15
31347 41585
8737 22360
46313 34666
57033 10305
14583 17322
34182 23528
49132 23513
46011 5397
50832 34718
21366 29260
10860 11379
18501 18860
2779 6150
8225 25513
49888 5854
15
42094 39923
47353 22354
32138 19704
57687 35299
57658 12719
2927 34126
13086 8491
33482 54071
31854 13133
29424 27721
44398 45430
28066 7466
23435 56416
28215 29887
55595 2184
15
30974 14848
50316 41240
23301 18629
21951 15001
40209 19420
58162 34669
26560 10008
17825 10543
23619 39924
1293 21301
17281 4478
24921 56696
38449 24950
53393 52975
3846 36820
15
11959 22344
53154 36049
59569 35768
19062 18624
9097 44359
1179 24130
58067 39964
31067 20135
3138 37368
13739 45343
18256 48774
40576 34001
57264 4991
17862 50359
31658 26597
15
44315 55504
1677 12328
22271 55075
13578 41665
46894 14579
1692 32577
30578 6150
18229 46172
28212 41031
8557 40745
57914 41904
53713 35158
55243 35818
31528 45534
46068 55056
15
34072 53029
28758 43425
49833 12196
43544 54228
20914 26346
27808 44084
49458 42981
50521 19262
45028 9520
24745 32817
17114 902
57858 56644
5809 44703
24549 13478
55785 33429
15
18270 42704
51554 9576
16797 34317
54310 30077
3890 36547
10102 58479
57125 24512
6485 27328
20407 32841
54313 12555
8474 29032
50450 29822
929 41296
42319 48838
31915 34777
15
41259 53968
16369 52372
20075 16526
39587 48726
13396 11185
30578 55476
24418 27669
39453 19675
19561 13426
20661 39831
4253 24165
2294 40443
28086 38621
31252 30978
59695 26139
15
45071 3452
54669 24969
38841 5014
19026 37031
5919 34000
26673 27249
2366 50216
55943 10729
24009 10652
3377 58739
29289 32553
35515 29721
8933 15798
1370 43553
21345 51662
15
57756 4379
41128 51069
12829 42569
11704 1418
21237 44127
24522 12186
49683 44617
4435 4307
8483 7951
30015 30846
26234 53151
3038 58723
54561 11466
11553 49854
44970 49998
15
28161 12275
22214 43931
23360 38247
35818 52763
6870 46775
27936 17891
865 31353
23988 6797
10064 44052
336 54271
9499 31492
21430 58142
14543 31901
37198 48652
7446 23384
15
45380 13257
57447 29352
54271 422
54370 39918
30628 55590
43226 23654
21962 26770
54956 56930
4880 8613
29496 51953
520 26165
58193 15369
20212 59748
31766 33445
2483 17780
15
8617 32003
32034 31634
21590 54535
31207 4660
28462 24245
4639 52903
18695 17508
16112 36272
14394 52261
11258 40875
5719 7537
53029 20572
55998 59963
32962 41039
10483 47663
15
47357 48621
27526 52283
33437 31993
22003 17647
38840 13399
23793 29283
38759 40883
38256 59609
26111 18533
16708 49881
55489 53277
2268 16101
35304 48135
24452 55789
44166 9158
15
47164 31121
22866 900
1811 22855
33351 41581
28559 2988
6665 33498
58808 47924
43772 22882
35556 52135
74 53995
11076 19460
38144 28438
20769 19032
45261 55614
25375 56181
15
35993 38163
48840 44342
25677 10957
44527 8568
22387 9945
46288 14417
12085 58947
48684 31008
10978 31639
54162 40470
48402 33972
47923 35144
16853 33468
45675 50433
42240 48891
15
7801 11526
5932 9185
46366 39706
59342 26300
23298 17414
55016 55471
19816 6773
42856 43798
39921 26158
42518 10042
29119 17762
25118 46579
51743 25295
43576 34535
7403 10817
15
30227 874
24056 34741
28716 10603
34971 11483
1857 37185
10156 8786
8080 7876
59815 28049
6018 51732
47015 33434
18517 56637
29510 27226
7931 13925
57605 29082
13242 47718
15
32900 51354
54110 14506
44131 13044
5925 55354
56495 4392
23242 9880
58899 4460
51629 18673
40631 12542
40660 8529
39069 57764
4792 53742
39742 2323
39648 18630
37510 36685
15
56077 27459
7548 11270
34759 6277
9917 46888
56336 3405
51411 45289
28848 25372
20641 58438
22603 41682
42299 1120
44484 56505
33584 20676
28985 57883
24306 43720
18443 10012
15
39209 39391
47678 46717
32864 29394
21669 33363
43392 50423
22646 42284
32509 34405
58573 22173
29762 46798
36929 12999
30979 16960
51039 3137
24517 20481
36984 16446
30037 4631
15
14319 29639
30598 42300
39648 2308
14288 8617
27890 7301
1974 3684
6166 48665
36988 10423
57210 12195
54628 5632
6521 34763
8857 2777
41792 44226
2404 48749
58091 29937
15
29086 42132
53806 44006
42547 53587
4090 41360
26024 23843
5593 55972
12024 7589
50561 42228
13910 32939
6264 16966
37752 41211
21156 42805
16966 23144
5228 56069
22791 36078
15
53815 25083
27836 321
48435 54360
45015 43401
21970 29777
30043 47073
25205 24842
52949 52344
35763 25638
10317 18613
2505 14718
53933 44620
53131 42876
52064 933
54846 24292
15
56361 54261
11303 30091
44268 11536
18947 54360
49355 13799
13745 18809
55238 19850
48548 47854
48919 5674
37063 45714
41824 59885
24156 40650
24782 40487
13228 1798
32869 16504
15
23649 49223
36660 44591
15594 1821
19863 6980
24742 37118
4264 54775
47045 49058
5686 34401
16650 49716
824 10870
39914 53954
22726 53163
32515 20210
34135 8821
35109 59353
15
29621 58219
58383 3521
28005 23673
4299 33168
46610 13802
45493 23576
15811 5063
29644 26625
19110 29954
30375 59292
24430 23399
25142 53802
8010 49892
19754 45501
32051 10401
15
31015 13100
8854 20434
2596 246
43361 57730
267 1345
38910 30625
16734 56208
5082 53744
36332 29493
57645 13235
4328 27930
56886 12713
26745 1307
29576 51162
58505 58656
15
36318 41040
33547 33782
25673 43321
20083 44802
38362 18200
58288 12862
27853 47499
27419 15683
25205 29161
8699 9033
55116 36354
21572 28325
55094 28233
25574 56487
39033 43091
15
36918 40773
19897 28535
24164 23944
53018 6301
57403 3947
52329 15053
5839 52436
53301 29133
49740 58923
33621 2150
24491 25690
26879 21298
47383 40419
29450 17981
16438 34597
15
21883 14361
29861 36772
4014 36377
9573 18319
8684 11667
22422 12266
15437 43921
51049 22016
24507 52111
18065 32736
12761 20082
21821 6416
26816 50164
46924 11592
2140 33613
15
6478 45364
22977 50181
3882 6424
53163 18549
4472 34840
6406 20985
15764 4341
32757 45808
25758 27435
44195 17375
2372 16021
20015 58004
37781 18715
41669 32773
48340 52378
15
4601 24441
40485 50740
49329 43491
36218 46010
51700 9372
6017 52636
44845 26254
55210 14596
21527 44384
51164 44796
1013 10862
20993 49815
27882 56850
4669 23600
57510 300
15
47416 9458
23108 23270
24921 18210
54937 33637
16306 36734
51162 20804
43469 48882
31756 48434
14466 42632
1553 4662
59202 45151
57317 49746
6368 29609
40815 57355
42273 51980
15
38812 43186
43756 39584
21201 55712
33523 40702
17651 1616
53652 57869
21036 32616
53131 48920
58888 30495
54723 9342
47854 52064
31490 4476
47754 2174
835 14499
17785 23039
15
59624 16159
11122 32141
49193 59616
25662 53945
902 57124
16188 23726
23438 7327
29949 32786
56431 31239
803 43220
37075 5222
7266 46293
25866 20521
29672 30103
32852 24723
15
20221 6723
39497 31747
8713 23819
15553 2051
39988 16411
57224 49857
15636 39638
21061 8236
29125 20984
15770 13759
26667 48870
42904 36415
41519 46737
4981 26981
54747 5287
15
48144 33410
41825 19545
10311 35136
50614 23951
35087 47639
17881 5078
36577 8888
41311 35623
58214 45739
30512 18355
21507 21239
15608 11875
9476 33721
5543 54029
6374 40908
15
42013 20748
59162 2384
55524 58479
25800 30561
33699 27340
28724 10565
20218 33268
1327 51437
95 37168
42038 53955
51090 29752
12969 6449
32650 20345
44918 19647
23238 46324
15
1342 41495
23307 563
37755 49305
16072 43704
19860 45135
9545 17661
3667 49591
10548 37312
17790 11055
57410 28712
41933 37467
8425 43383
15233 18799
30796 7008
59239 51622
15
24602 14178
49888 25130
43995 17654
30239 8080
57115 44868
48061 47606
42894 10268
52765 26596
23033 50250
13461 30302
26621 32307
30315 24209
244 52273
35486 2052
28097 1417
15
26259 16026
26563 43777
50177 5792
10749 50626
50282 47963
4277 23700
45170 52815
16171 38308
44222 22601
7812 13381
50476 37618
32454 27225
32977 3414
52220 46657
10299 47862
15
46711 55651
38223 41998
49266 51210
59984 31225
16272 50965
31172 29400
48111 50149
26240 46118
22459 1294
58141 28442
40413 39523
8599 58001
4217 39802
44062 7980
36034 51261
15
25009 53332
41693 41761
9967 9363
22563 50443
55884 25393
22233 46538
4367 54497
46709 2735
58335 29317
55976 29795
39115 43461
46621 56497
36460 46368
29848 54488
55830 39933
15
22880 39663
27438 18607
36630 43427
52238 21309
50016 29287
15930 56030
11842 54173
12129 39284
1256 41408
49603 34277
14529 57791
27408 41938
8645 15091
30233 59530
50802 45339
15
54849 44963
18130 31292
17218 27917
26521 10317
18334 7552
37625 35892
12151 14865
7872 5552
24331 321
33738 3594
46543 44722
57565 24333
6090 53402
44569 13538
55593 44668
15
48898 59310
17512 8012
47434 44623
3886 14175
1931 11164
45289 3603
9522 34609
36325 32709
58001 32263
21724 24822
23101 32351
39089 43916
21488 32660
36099 10581
35207 4441
15
26199 26977
14218 7355
26674 54972
33770 28134
40267 39817
44600 17959
48124 30556
50021 37853
56898 1608
32955 52097
43021 33339
58243 49283
24537 47950
26224 39702
18533 5357
15
15773 8451
14276 26650
20131 13249
31640 16552
56913 31167
50744 5298
32780 59790
39893 43748
47083 31752
54402 35764
1937 1296
44042 47159
41188 34082
48112 31273
30564 38641
15
36494 20484
10354 8180
54621 34519
25567 3303
34750 46457
49268 53131
32768 19228
2943 38766
56364 4743
24365 19548
3592 13524
47003 49268
25451 50847
41171 1371
23874 30914
15
42010 42010
17451 27518
37293 54749
37114 38384
27932 3863
35546 27501
2197 54874
1276 37731
7024 5105
39101 25701
41264 31881
18467 50021
36439 12141
39489 50158
55682 25581
15
33518 57505
23006 11046
48582 13265
12434 57280
23688 2065
29734 26102
20348 8550
23969 46470
53073 37595
9602 22642
30270 52964
1567 36714
55908 15222
32460 16876
32329 5297
15
32333 59032
33666 51948
40075 50673
58056 44264
24616 41410
39334 34685
38212 53223
45160 57158
54900 47635
4550 1626
26042 9119
38081 36085
47635 30081
14827 5730
43814 43272
15
5064 12735
56750 24353
50516 1081
29650 2372
57840 20530
5220 12807
21173 40994
39545 29114
46990 5690
2950 13939
36919 10720
44650 36279
4478 44298
36405 53564
22645 59121
15
15094 27785
43485 23836
39138 16460
42527 5590
24337 43459
37180 808
38156 18900
50861 56515
34969 39767
22600 46153
17834 54942
44651 33276
2777 49867
29200 6776
37285 17044
15
55986 5520
47079 48779
45684 54235
32141 58834
2397 5913
25655 56865
30837 44124
35065 42807
57181 10394
21201 41105
13100 24953
34514 26580
35205 59639
56078 20468
49341 10728
15
31946 1149
10064 18469
19814 57330
51612 40095
21825 10649
26129 12042
17030 50387
14912 53352
1963 8867
37461 55977
59404 50028
24440 54901
11371 22449
4474 28079
16709 874
15
32309 37170
39479 31615
38867 59943
34205 51240
57152 1983
45818 24688
57803 38568
42589 33452
22409 18759
59983 28827
14767 26108
41011 52262
45599 13005
24995 35695
46018 2662
15
43647 43362
11505 10621
34691 32875
51874 20185
2003 51735
17603 34928
37539 40634
10156 31469
38890 18658
46130 39753
55859 15226
1814 53583
33750 13504
18778 28811
24534 7470
15
25964 8878
4244 38333
12796 6463
9593 27756
1247 25228
58661 38500
34546 42396
51182 43294
689 1901
21988 8949
29097 8405
2047 55088
51831 47574
14228 13142
12827 10604
15
38940 26260
41734 37424
50576 47812
11598 10471
42603 23019
15815 20565
48594 27833
50933 34829
32048 48951
59750 57463
20098 43752
34824 56668
26718 5188
11309 58025
20052 53422
15
21610 46082
49213 37656
21214 15050
49360 22195
14805 41984
6829 54542
24247 48805
50792 50143
19296 23128
55858 44458
19421 38388
27029 57606
46045 2542
19631 37161
27917 33323
15
16028 34335
32984 9470
35820 48477
6330 16301
10281 49905
13168 1017
59708 56257
8096 18628
56336 24457
55281 49842
47002 47583
23416 31638
943 42653
11859 8742
55852 28234
15
50559 5360
42436 32553
1971 48422
21775 53780
41666 12021
28203 26962
8109 31857
23147 49620
6766 32875
20439 3608
52383 47480
30748 39250
5178 7273
53892 47112
1340 39202
15
42938 57212
31463 34944
27232 54087
47417 50197
15050 51852
8807 19474
23948 5046
56829 13269
20021 46178
30952 7933
11016 46761
51094 34844
38083 14939
31923 47618
33609 28127
15
15828 34444
49146 45248
27561 23682
31430 7030
42054 16359
23165 36735
54338 42490
51469 51938
51039 54826
32319 24189
46050 18096
56163 54078
23037 55175
21880 57286
59476 906
15
24881 39750
20118 7867
10069 13072
32111 52637
17708 53064
13431 29607
56524 42497
21911 36608
36364 44217
53459 37107
45431 58557
24564 19799
33836 30609
15910 55493
22662 49466
15
59629 23094
29692 59367
24890 38379
52263 44663
20695 19716
41979 26657
55791 1314
53129 21374
25788 59782
26001 17903
51357 24096
51907 58299
34932 37156
29096 35186
6500 5074
15
20780 52296
43408 35500
7296 21152
31297 59731
23738 16981
29137 52701
4378 52368
43092 37127
38888 28331
16724 11240
7968 33729
43804 47376
53847 6581
52903 40206
28664 33944
15
26796 37090
5468 59424
51878 47598
45709 48689
36162 51420
44385 95
23916 48531
17499 41210
6746 38671
13975 3125
15313 56548
42237 18800
649 18695
37243 35939
35035 35974
15
20940 22828
45999 34332
57734 53801
22116 7604
16067 16492
35925 49478
37751 16911
11747 48724
52313 49252
8257 35777
49880 33753
25684 29141
11410 45444
20260 8497
31626 58808
15
38636 39502
43197 10804
25154 35031
35284 18474
37238 18525
45464 35850
32280 10361
57707 45029
1449 30719
5156 14031
38631 4395
54384 27738
36243 2976
27948 18138
53182 21125
15
47501 20640
3567 46333
56680 148
34344 52084
8887 53984
56971 18297
39875 53188
26214 3769
15756 12323
39013 38642
33074 1489
27539 22640
16878 48331
43291 22401
31655 44319
15
56921 25793
55238 25006
42624 218
628 18352
25958 21726
50353 54569
54815 33692
18381 25454
56620 43536
59350 45008
23487 9071
42917 6225
27394 4055
41083 13334
2686 28954
15
49412 40404
37568 35719
23648 55349
30545 48304
27272 49177
32403 26392
41898 12020
33275 16066
48792 13983
55580 56973
33219 17405
30298 17752
45413 34139
46821 12082
45996 35708
15
33896 12795
33090 31282
37825 38607
33494 26211
39797 55070
42673 17268
16841 28752
59972 57679
58076 43810
19352 15819
58283 44364
19353 44799
44030 6259
44167 13205
48016 9782
15
2078 12471
13712 2709
5935 32935
10324 3461
7856 36327
57196 33178
25408 28008
22461 3894
44115 46597
52977 59372
22155 52590
37071 16201
47545 13377
42801 24239
55875 151
15
41974 36072
22451 3655
5221 49029
52056 22057
38784 46014
46682 17898
12808 4019
51703 42252
28066 10676
33852 2899
42375 35213
37049 6874
31542 26747
9531 47338
13583 54167
15
43001 20080
42320 51062
45524 21383
21736 23360
45646 6167
48956 32998
50298 58239
27937 48968
22515 12150
23234 27075
24773 26311
37938 47524
6952 39201
38240 35690
32274 35250
15
18128 52354
59097 28049
21280 52845
40938 9657
38539 26009
27392 48313
32235 27190
18177 55837
50339 29973
24737 57401
34843 49194
39835 19505
6921 40280
11237 43202
47396 29674
15
33056 18071
54063 28826
1270 11910
16799 5424
5597 28648
12913 54787
39991 27243
17349 53997
10233 27056
48203 32724
8482 42425
25406 33495
43521 51205
51851 10666
49640 24063
15
15708 9141
31432 5890
16775 1409
36684 32113
44163 30312
31919 19063
4442 46248
58702 21499
26405 16098
20751 23494
45184 46204
55566 56335
17983 55267
58855 7033
53868 42753
15
52749 17114
59627 43108
44783 27169
42124 14293
27861 22316
10205 22364
39858 4202
1886 1497
20725 17139
38607 12505
48195 51221
17234 12093
59113 11767
18528 40850
38191 42438
15
14368 11606
51519 368
46869 28936
28436 13144
54649 34894
12632 19767
49405 19049
19053 4301
31528 5220
41260 34227
30444 51330
12691 33951
5175 41115
28147 58505
1249 30288
15
10848 27450
29968 55766
14318 19039
1207 44531
11983 20685
28183 26994
59500 14097
32857 41943
5288 9495
39475 56439
56133 37018
32308 18178
32176 9972
7243 1568
42593 31846
15
732 48927
26043 36824
27966 43302
14233 6102
4283 12844
55654 29368
8481 30654
38672 22370
58485 43961
32672 35632
45039 44972
39315 58261
39601 17779
55979 56593
1440 15054
15
24034 29931
19702 8241
1873 53288
4180 19549
57722 42799
58412 13340
36839 40596
42822 19150
39046 4380
10922 26711
17646 14342
13037 16623
3348 56431
12999 11072
9060 12186
15
30135 53056
7208 45203
16817 23563
25410 10620
9241 29092
59349 1986
59202 47548
25588 5469
37912 36896
36874 51844
45370 1023
35172 48576
15524 17825
38252 11032
14900 46341
15
34193 3202
26819 59694
49316 18687
41778 59175
34493 3682
40446 24098
3161 51934
37408 42518
44595 9834
3624 49165
36448 31464
45646 53494
48147 48367
2669 25524
28277 49594
15
6434 49975
58265 51400
43741 58126
13597 40062
54391 29131
56486 44935
14987 35748
46940 41187
43149 59187
25437 47828
9042 46489
47685 4220
39454 50716
47270 9041
34830 43807
15
6088 45754
3398 3785
53020 6086
5407 36574
22976 16247
47427 18086
9887 13491
49113 29697
55147 32962
36522 5617
1393 31016
17009 46126
34248 35840
19953 57153
39955 29170
15
49791 54723
55558 6939
51639 14509
11601 22722
4126 12341
41831 560
37578 50608
14675 39295
26212 52776
34391 15589
12894 5023
12373 58478
4995 36182
37619 32613
46903 27455
15
21333 4952
18808 14367
55409 9048
18354 40166
23564 43435
41054 5035
36639 41721
39256 18816
6574 3682
54488 47320
6996 49372
51420 974
40142 55075
6698 43198
31815 45863
15
38916 10379
38399 37226
3926 11927
26574 38405
30143 47641
3344 53258
51182 10888
4996 24307
25446 50580
30949 53906
28238 12999
44666 50421
18952 49882
40627 13636
24077 40941
15
53382 44672
59603 27710
52203 58606
25081 7045
34822 6386
4000 44814
12044 9181
51515 6622
26474 21357
43186 54571
13529 25478
59867 25882
20376 13093
59730 31716
2817 35673
15
40598 42660
32094 54328
54204 23376
11330 7455
35178 27332
52712 31499
19604 35029
29205 20161
19590 11876
53072 3154
42182 16983
2097 44670
2176 26603
58148 54418
7657 33455
15
51333 6276
33471 978
39951 18908
2090 9871
52534 22646
2657 33441
39551 26643
15177 58714
36403 42211
53046 52471
35940 3349
49311 8925
16148 18255
27302 50463
33880 23372
15
5806 24350
55565 19942
44866 36462
9218 42471
34946 12007
15825 42855
39515 31457
43737 15021
26569 23713
2101 18664
18944 55600
51875 360
23844 48218
35949 19460
25461 3885
15
18768 34422
47368 15022
8022 49072
16250 14070
30324 19423
45644 27176
50668 52997
10762 31557
56212 24
29862 22560
26253 8484
55681 34651
45515 8919
59642 220
30448 31720
15
10818 8032
55739 19844
23943 30077
39788 55905
40572 2992
50284 11342
47311 54671
54541 400
11584 45548
12475 30033
27126 45367
41302 4064
36096 6533
1347 19217
2457 18864
15
37266 34308
3175 21083
27928 11904
3356 16477
9039 5240
5655 52596
40113 49397
11912 49698
32798 35482
51609 32126
13127 23878
38721 17279
41025 18840
19076 46161
1203 39302
15
44589 42706
41960 11768
58135 26110
27750 20510
45235 11621
12000 15990
31941 26687
48848 21911
18495 8990
1064 10435
9092 48006
50606 49122
10915 57128
58290 5983
57016 39006
15
44938 20885
37032 10000
42840 59511
45412 24879
43183 441
24883 52455
4459 12955
31549 6323
27585 51848
36768 55518
775 31453
51643 23329
5288 50190
38538 22324
35087 24169
15
967 31275
24125 37741
27985 832
14933 55705
14898 31032
650 56263
51919 40721
32908 57161
16756 10767
27280 9074
1431 10549
45410 5644
30551 52854
36366 43045
44987 52792
15
22577 26743
33856 4324
17168 28460
8717 40827
11142 35256
48169 42350
25969 41047
32899 20985
12237 6710
10498 46632
34924 38893
5568 53032
40222 24208
14441 34357
42093 33418
15
34525 12124
36685 41808
2473 19974
29257 49708
23922 274
1577 10708
6012 45679
31652 11448
51888 5062
18191 47248
40613 38831
44864 48402
17387 11568
989 47126
7713 21766
15
50663 56922
58032 24826
29049 30855
44381 54583
4388 21802
43786 55527
37078 41148
14465 40468
5314 56287
20170 35376
35025 19193
53456 11790
31731 27310
33927 11782
2532 11338
15
45637 53396
4899 40466
58208 34478
47003 27493
36564 26662
28603 6377
25888 49773
2838 7133
37703 37704
35659 56751
18429 49130
44541 37263
39586 15311
32296 23195
26541 43960
15
24020 27657
33885 6710
27337 41472
56344 3843
2895 1590
59224 54076
45299 12781
5553 18451
17501 46063
18545 24339
35074 16357
13457 33600
9328 777
45530 13062
45903 2744
15
1819 17128
7283 27281
2007 50247
35269 8819
22673 5897
25954 53292
18429 58672
16659 13993
17322 59529
23592 43603
42902 4233
21779 7833
1346 32033
47366 13908
44854 38931
15
45025 6355
8048 25124
21663 59263
12488 23351
59726 21770
37516 1323
43258 17842
10935 22960
10706 42917
32149 52502
32821 1123
52927 41312
47591 1150
11901 27940
37085 865
15
28826 17308
25102 20868
20227 22128
24814 42182
7888 27660
13560 8257
25417 3665
28042 53852
45309 8751
36425 17846
11669 16565
13101 24534
51394 32535
28939 58749
5939 39860
15
770 21990
43387 54889
42244 34864
1633 19745
13843 35204
58196 56955
15360 12030
44652 48909
7034 16705
38933 23527
568 25149
28462 30477
16748 37274
13980 1178
35441 43976
15
2470 56709
46008 13179
10554 35712
17818 12723
47896 44895
50832 50769
50127 49130
1496 18503
9510 29089
58855 53373
26725 20770
18963 9404
9057 41699
31569 59438
43379 7216
15
43454 56069
57147 41580
3458 17804
34988 44601
42069 52684
27576 42610
44247 38600
19248 19542
47372 5949
17058 47347
38440 14270
49113 24323
12977 12754
24994 959
33346 50840
15
42590 45979
57389 59224
53568 6765
31340 24648
28111 40952
883 41242
3656 36935
18076 36207
54080 32116
45261 36320
23339 15619
51839 925
39821 18445
44711 53051
25307 54644
15
30215 42473
39100 2898
54723 28451
23525 53492
18132 35262
21068 24010
52485 6921
47761 37844
41111 25244
24555 25344
29241 52306
49747 20977
19496 15496
54880 23993
19576 779
15
42675 42844
4245 42623
28443 57205
30885 21531
18003 42713
4794 10810
6187 26816
46407 48004
47540 38516
10717 16097
51914 45760
46363 54487
40137 50638
50589 23012
28211 49618
15
16507 9798
28071 46314
35076 46532
42657 18214
9830 48299
27205 9885
12752 7589
24145 18179
49128 16403
29079 48745
9189 47729
26478 47665
25081 56347
45237 4890
27245 20492
15
28531 30190
59964 56135
44605 34129
52148 9845
59617 35622
37064 185
59601 10020
20788 23613
35157 56402
43130 33411
7717 28064
59722 10653
35428 776
12829 6581
52441 56230
15
1329 38771
48621 22518
35330 33405
24224 22365
56141 32884
29557 33572
54732 44144
13564 44970
28275 20657
51422 51669
32485 27947
10921 17885
29618 44612
49447 51992
37329 22521
15
47766 7606
36768 42955
22848 40122
12328 47885
42261 45037
12967 15892
10863 20229
18638 31540
18077 13074
19408 2054
5609 25061
22133 30347
34193 19987
4181 40268
41023 4866
15
1969 24256
9962 23169
50977 6621
20015 5257
4503 51873
19156 5867
11079 10746
7213 14129
24710 41633
58843 28964
46397 56030
38252 6912
21776 8395
10140 2211
45467 5100
15
21544 51271
1411 24574
36158 40523
28457 10441
31641 38303
9052 34179
2813 52208
15287 12451
26460 23328
17591 28589
41186 3308
2653 49947
56224 17168
41989 32154
51515 32275
15
35308 1036
8960 35290
9130 51100
9667 23516
55634 21521
34115 43427
32068 55434
31582 12516
9756 51627
44742 34833
21348 45642
30798 46258
7334 28044
11777 32728
55348 2740
15
55171 4627
9980 21582
23823 55758
36041 28623
10443 52164
27836 44994
25199 35922
20636 37253
42717 9671
47400 12299
41881 14016
1980 25365
37425 10393
17706 42179
54332 17090
15
17214 12788
43758 37611
44288 27247
16991 37044
36667 3954
43649 58129
16525 41163
51258 51355
25952 8794
22788 40306
24473 19479
6357 5601
11120 10693
19224 39548
55126 14878
15
40185 55686
2846 1570
26058 37251
43230 22485
33533 52975
2209 48191
39250 11470
19899 15426
23850 19378
49423 737
12752 15198
28181 6659
40037 33647
3042 49247
32753 46886
15
16256 18571
40086 3472
8495 676
36822 14384
39820 25876
56575 36290
6982 23699
17251 52492
34032 26339
20234 5572
24880 17049
11815 52374
59873 56468
18385 51792
42761 6154
15
1929 33372
52277 27138
25087 5800
30949 53850
9384 40499
24342 23733
37991 54132
55406 59553
2604 20134
14183 40879
7747 2795
47353 26874
24929 24505
23576 16106
52338 32381
15
11743 51374
44478 26264
33370 15544
43248 2586
31181 29018
39644 58580
1857 55657
992 41019
36541 20693
55872 51240
50691 49018
19668 2298
14690 522
21567 23992
9121 33486
15
58883 3621
39347 20055
58470 44235
4458 54156
7389 3663
44432 19498
25574 41991
39538 10545
44215 3961
53621 55099
2079 36358
8661 36222
3057 41417
35610 30474
18639 29506
15
55602 21164
28805 50287
54392 46359
847 230
59814 36435
23240 22608
26179 52717
39127 16923
15318 42040
20801 2316
24757 55073
45997 31575
45659 49642
13832 25257
29112 30201
15
20377 37917
32724 5556
42610 38506
52974 25623
10317 40152
23790 42690
11624 15606
42136 20250
24709 15746
36125 48701
34300 44705
47143 58178
56236 46088
44121 39098
45778 37894
15
46319 3903
2494 40599
31772 24105
53011 51095
30437 29177
53342 46254
24513 58007
47750 7630
9700 45396
18728 33555
24146 8381
52451 18057
39297 19971
47563 46219
26492 5952
15
16762 36956
3713 12731
53315 21725
14771 54006
22237 52019
46744 58698
37907 49037
25955 28260
14663 4460
31167 19368
25775 10790
27138 37993
21935 22493
44236 54504
24239 55088
15
25358 1158
37584 25171
18639 12731
12075 58066
8975 22241
4728 40312
13374 56338
31208 20126
19411 9378
28462 11439
27008 44139
38906 12194
146 25915
35445 21347
18555 32333
15
42805 12566
27394 19086
1285 45807
17818 8236
18926 23392
16515 37722
384 1614
19274 41794
47528 7781
36732 3533
27472 36838
6718 32016
28439 34283
20375 55184
20778 40810
15
3661 29007
31557 20866
31558 12562
16318 22906
55778 54125
35077 6236
52358 54590
53309 37232
59158 32585
38419 36790
54566 52615
50102 34138
9066 55863
41800 31205
59126 59914
15
49163 29914
9896 58702
3825 35866
9434 19388
43800 55820
54932 43675
30664 59888
8444 19372
47931 21605
40505 10959
46677 38198
27788 28556
43248 45523
22417 49922
4364 35578
15
30050 531
384 8577
28155 24492
7764 25108
6982 3245
26845 39911
43037 5997
23803 13901
5571 2348
27722 57267
47111 6997
29187 15738
30254 12589
43896 5816
41729 443
15
26363 18804
22399 43681
12346 43585
42951 54359
34158 52462
58915 20488
14228 48164
16153 12073
39322 21946
36658 15810
1991 2402
36991 37433
3738 1546
21280 3072
8009 2258
15
32169 314
24925 46268
48400 16056
49880 7373
58020 33109
23539 55535
40206 45604
43269 8007
28692 27963
39709 55621
25163 43051
53387 2236
9529 35941
17091 39701
40950 38083
15
50497 28761
47307 54264
29078 30743
5319 33451
41032 40725
30120 55913
26142 41253
1035 57586
17439 30248
54117 46476
44708 48197
11015 9660
38307 33273
2864 5399
27437 2203
15
40303 32331
59108 39869
3236 46015
14999 48523
2648 50570
1913 48608
36870 58182
14176 13954
8499 37354
45049 52552
44117 12324
48611 44399
26573 47970
49691 1621
11361 41386
15
36888 25869
636 39440
4401 51675
46161 41086
18967 14377
20490 32064
8209 29265
59227 31888
32862 29876
59150 23227
43162 37843
51539 5916
42912 4335
40275 38894
57472 28000
15
33152 20680
32987 41185
9636 42525
39578 34574
34920 32229
43752 42465
22268 56901
13657 36242
50545 15506
26098 49577
27823 5850
4388 51831
29665 54203
5257 22895
989 13569
15
31723 29956
53773 3388
56674 4160
54182 37347
29795 9498
52159 32252
53328 21854
26365 48609
24065 54146
27711 44003
32834 9325
27947 46458
17975 490
32104 46161
9389 24816
15
11664 41218
1762 8643
20554 14417
32160 43275
29 58675
10456 18118
45339 595
54006 45374
26252 21554
38488 1479
1586 57954
47391 52514
12305 15069
27311 6564
13821 59079
15
35379 1549
57028 40259
52209 39132
28173 22647
2275 42425
44855 55135
8433 50938
6119 52013
12999 2887
9773 13584
52465 9747
48911 35753
27396 38208
4754 34997
7509 19795
15
25331 41143
59658 18652
54883 475
8958 46611
22812 52347
26943 35854
6488 50492
9855 23705
2041 39860
10726 519
52287 33761
4581 18533
30858 22845
18620 53853
20476 2635
15
13737 43943
22105 38918
6605 45150
44093 10344
49200 53173
275 26748
6321 57923
45276 40490
29006 58536
38122 46412
18166 33633
1257 55257
48403 51815
24268 12986
1584 31634
15
47732 31681
46020 35233
53401 33181
22310 39796
7824 3878
6773 44777
43731 8121
52231 26721
45280 39530
45080 9276
24312 19818
20781 36847
21574 1225
47165 30372
20725 23150
15
20218 24217
42913 4187
28832 49595
16854 44461
2211 46020
11000 8524
33832 15230
3540 58891
24589 10743
57745 8104
51975 47202
4852 31390
48548 35780
57203 35078
59282 12306
15
56419 15450
30301 43954
12881 50903
17274 47399
13493 23360
12409 970
59382 9579
51867 21215
5068 15332
5602 4675
35662 43230
4300 40189
53500 57262
19143 3147
52761 32527
15
5392 53784
41468 59546
28913 58702
57948 47069
51368 764
59620 27461
15783 45468
16797 43514
398 18865
53596 24924
32422 40195
309 16175
52851 14879
55845 32112
33836 57318
