30 435
21 16
8 20
25 18
5 14
19 10
25 22
17 21
25 26
29 20
21 12
23 27
27 3
12 28
27 4
6 12
14 29
2 20
14 24
18 28
23 10
24 27
15 25
28 9
14 29
25 0
4 27
15 17
20 18
3 29
1 3
24 6
9 29
18 17
2 26
18 17
28 11
17 8
27 14
1 29
1 22
10 14
20 19
23 12
12 16
9 10
2 10
15 20
27 17
3 24
6 19
9 4
20 24
7 29
5 6
12 3
6 8
12 26
10 1
18 24
5 6
27 28
17 3
13 12
12 2
21 10
16 10
29 13
2 19
1 2
15 2
16 25
10 11
13 10
18 7
17 4
11 4
26 2
4 17
7 28
7 10
5 3
5 24
8 22
9 6
2 21
16 20
11 14
2 19
2 10
15 17
4 15
12 25
28 13
6 8
10 25
21 19
0 12
15 0
2 29
18 16
9 20
9 8
1 14
5 16
18 4
6 24
2 9
26 29
29 14
23 20
19 20
12 2
7 8
9 17
5 3
5 10
16 3
26 29
26 25
1 13
2 3
7 22
7 29
9 10
5 17
18 24
15 16
22 15
0 20
29 15
9 7
21 4
22 11
4 27
12 4
26 17
18 15
15 4
16 13
4 6
6 21
22 20
1 2
19 26
8 20
23 18
19 17
18 9
29 30
19 20
22 20
2 0
28 27
22 3
12 1
10 11
1 27
10 21
3 6
6 10
0 4
21 13
29 27
11 15
22 23
19 16
18 24
11 13
13 15
5 14
21 19
19 15
6 8
12 7
25 0
1 13
1 23
3 13
20 7
20 2
13 11
24 11
9 21
19 27
23 1
18 19
14 2
14 1
3 2
17 3
19 17
18 20
24 25
20 21
4 9
21 26
20 21
7 25
1 19
22 20
17 18
25 7
0 1
22 19
16 14
9 1
20 0
13 0
19 24
16 15
0 21
8 0
23 15
11 22
14 9
29 15
1 18
0 1
20 14
17 28
20 25
23 0
24 25
3 28
10 0
4 7
13 1
13 22
23 26
16 18
8 16
18 8
18 2
9 18
1 24
26 28
7 1
19 7
28 10
0 14
11 13
23 21
15 22
4 10
3 24
0 26
10 29
21 26
18 9
3 19
22 24
0 19
17 6
29 6
3 1
16 13
4 24
22 4
1 8
3 26
3 25
20 28
25 5
13 19
9 10
3 17
29 24
3 24
0 7
14 11
27 18
14 7
13 11
10 6
18 23
28 12
4 21
11 16
29 15
1 11
14 20
10 13
23 19
7 8
25 14
3 26
25 17
2 14
10 12
0 8
21 9
20 0
24 25
17 19
20 9
21 13
4 26
2 7
26 17
14 17
24 17
11 21
7 16
26 10
22 12
20 27
0 22
10 23
25 14
16 23
6 19
21 16
1 12
20 25
5 17
20 10
18 6
28 14
20 7
3 23
25 24
5 29
27 4
19 29
25 23
29 15
16 27
22 27
12 13
16 11
11 27
28 2
20 27
19 14
0 28
10 5
24 4
16 8
3 25
24 4
14 20
21 9
16 17
23 9
11 4
23 24
17 9
25 12
18 10
6 24
5 21
14 21
12 3
20 9
27 24
23 6
16 19
5 16
23 1
16 25
21 16
13 16
22 24
15 2
18 29
4 14
8 23
2 18
1 16
18 4
20 9
2 14
16 10
2 12
22 4
18 25
0 27
0 1
16 21
10 1
25 27
11 7
4 29
6 26
18 23
0 3
3 7
27 5
20 26
28 6
22 16
10 3
26 8
26 29
22 7
22 15
0 23
12 13
5 23
19 2
17 26
26 16
10 14
16 20
22 1
7 6
1 13
27 3
2 9
5 17
5 10
24 17
16 18
15 16
23 9
17 7
16 0
4 5
15 7
29 21
22 23
7 5
29 2
25 5
15 17
27 26
2 19
25 28
6 9
14 19
24 13
19 2
19 5
18 19
2 9
