10 2000
66 9 -9 0
75 -8 -9 0
53 1 0
36 -3 0
35 -4 -5 0
74 4 0
54 7 0
27 2 0
73 -3 0
3 -7 -5 -8 0
36 3 -2 7 0
57 2 10 -3 0
48 9 1 0
83 -2 -5 0
32 8 -7 7 0
18 -10 0
6 7 0
7 3 0
85 6 0
54 3 0
59 -10 0
45 3 -9 9 0
44 10 0
78 2 10 0
31 -2 0
96 3 0
66 10 0
43 -10 0
53 1 0
24 -6 0
21 9 0
9 10 -5 7 0
6 3 0
20 -5 -9 0
20 8 0
3 1 2 10 0
18 -6 -1 0
41 -9 10 9 0
22 -3 -1 10 0
85 2 -9 0
74 8 0
90 7 0
28 9 0
11 5 0
77 4 0
65 -10 0
19 -4 -1 0
88 4 0
67 4 10 0
17 -6 0
71 6 0
43 1 -9 3 0
77 6 0
9 -4 0
6 -7 0
18 -3 0
69 2 0
95 8 0
97 -9 0
86 2 0
36 6 0
70 9 5 0
16 -3 -1 0
57 6 0
62 5 0
1 9 -5 0
6 -3 0
67 7 0
44 -7 -2 -7 0
95 7 0
13 10 7 0
57 -4 5 6 0
27 7 0
80 -2 0
67 2 0
93 -7 0
37 -10 -5 0
2 8 0
9 6 0
34 6 7 0
8 4 0
78 9 0
6 6 0
72 -7 0
88 -2 8 0
59 6 0
58 -5 0
8 -5 3 0
73 -8 -4 7 0
4 -4 -9 -7 0
71 -5 0
52 -8 0
24 8 0
82 4 -8 -6 0
37 -6 0
36 5 0
17 3 0
58 1 -9 -7 0
36 -5 0
95 -10 0
35 8 7 0
84 -10 0
64 10 0
74 8 0
76 -7 0
41 8 0
92 -9 0
42 7 -4 10 0
44 5 0
21 7 0
1 -9 -9 6 0
63 -4 -10 2 0
63 -4 0
93 7 0
16 -7 -3 -10 0
38 7 0
94 -6 0
19 -8 0
29 -5 0
18 -7 0
99 -3 0
49 9 1 0
67 9 0
45 -4 0
44 -1 0
32 2 0
77 -1 0
85 6 5 0
94 10 0
2 7 0
8 6 1 -5 0
17 -4 0
51 10 -7 3 0
30 10 -2 -7 0
9 9 0
89 -8 3 0
100 -2 -3 0
76 -1 0
90 9 0
65 -9 0
61 -2 -8 0
37 -7 5 0
45 5 0
1 8 10 0
58 -2 -8 7 0
45 5 0
31 -10 0
9 -1 -8 0
21 -1 0
94 8 -10 0
26 -1 8 -10 0
56 7 9 0
89 7 0
24 -6 -10 0
93 9 9 0
6 9 0
96 -4 0
51 10 0
93 10 -4 0
44 -10 0
32 -3 0
87 1 0
43 3 0
58 8 0
52 -2 0
78 -8 0
87 10 -5 -7 0
33 6 0
97 5 0
75 -4 0
28 5 0
81 -8 0
78 -3 0
50 -1 9 0
85 -5 0
33 5 0
26 -2 0
37 9 0
42 -2 0
70 5 5 0
71 5 10 0
49 8 6 0
94 -3 8 0
7 4 0
26 -1 0
71 -9 0
7 7 4 0
23 -10 1 -5 0
84 6 0
32 1 0
26 -6 0
21 1 0
96 -1 0
6 6 0
24 8 0
95 -8 0
24 8 2 9 0
38 2 0
43 -9 -8 0
53 10 0
76 -5 0
66 6 0
16 7 0
75 -1 5 9 0
63 -9 0
25 3 0
43 -1 0
36 10 1 -10 0
43 5 0
47 -4 -1 0
82 1 0
56 1 0
47 3 0
74 10 0
98 -8 9 5 0
5 7 0
15 6 0
35 -3 0
91 -7 -5 5 0
4 -3 0
39 -10 0
27 -1 7 0
73 5 0
25 -9 0
27 -1 0
12 1 0
1 -2 2 0
73 -9 0
80 -2 0
19 -2 0
11 -3 -1 6 0
83 2 0
61 10 0
25 8 0
6 6 0
33 5 0
4 -7 0
96 8 0
69 -6 8 0
9 -10 0
27 1 0
14 -3 5 2 0
2 6 0
60 2 0
58 1 7 0
19 -7 -4 -6 0
31 -10 0
82 5 0
6 -8 0
92 -5 0
20 -1 0
39 -1 0
20 6 10 8 0
48 5 0
23 -3 0
24 10 -6 -2 0
60 -4 0
51 -4 0
32 2 0
99 7 6 0
25 -7 0
77 -9 0
90 -7 0
25 1 0
54 10 5 0
94 10 0
43 8 0
23 5 7 0
80 10 0
50 -7 0
54 1 0
85 3 0
32 -6 0
43 -5 0
82 3 0
41 7 0
90 9 0
24 8 -1 1 0
97 8 0
26 8 0
78 -7 0
90 -8 2 3 0
67 -1 0
57 5 0
15 -7 2 0
63 -10 0
86 8 0
54 -3 -1 -2 0
67 2 -6 -8 0
83 -3 0
22 3 0
1 -10 0
55 4 0
6 3 0
46 10 -10 0
82 2 -4 -6 0
42 -4 0
90 8 8 0
67 -6 -6 0
100 -5 -5 -9 0
30 3 0
55 4 0
13 6 -7 -6 0
43 -9 -7 -5 0
87 -2 0
78 -1 0
79 4 -2 -8 0
27 -6 0
97 -4 0
28 -8 0
3 -10 0
76 -6 0
16 3 0
90 10 0
55 8 0
19 10 0
80 -10 4 -10 0
28 10 0
34 -9 0
26 -6 8 0
62 -3 0
22 2 0
84 -2 7 0
76 -9 0
97 -4 0
71 8 0
92 -1 -7 0
53 1 0
62 -7 0
28 1 0
29 -6 0
73 -7 0
24 -4 -4 3 0
13 4 0
62 -7 0
83 -6 0
7 9 2 0
90 7 0
41 -7 0
16 7 9 6 0
34 4 4 0
32 -10 0
53 1 0
95 -7 -7 0
15 1 9 0
64 3 -8 0
25 -9 0
89 -4 0
78 3 0
33 6 0
35 1 7 -7 0
23 -6 3 -2 0
40 6 0
94 -3 0
83 -10 3 0
38 6 7 7 0
32 2 0
100 -6 2 0
20 3 0
11 -3 0
74 4 0
90 -3 -3 -2 0
85 -3 0
24 -9 0
90 -8 0
48 -6 0
44 10 0
55 -8 0
100 8 -3 0
18 -9 0
62 -6 0
66 -7 7 0
3 -2 -10 0
77 -7 0
49 -8 7 0
69 5 0
28 -5 0
84 -10 4 1 0
33 7 0
17 4 0
38 -3 -7 0
100 -8 0
1 -7 0
3 -9 0
9 -5 -8 0
55 8 7 -9 0
76 -9 0
11 -2 0
90 -6 0
86 9 0
96 -3 0
26 7 0
60 4 0
60 -2 0
18 10 0
33 7 -6 0
12 8 0
89 -8 9 6 0
44 1 0
35 7 0
82 5 0
12 1 0
29 2 -6 0
86 2 7 7 0
83 -10 4 10 0
86 4 0
72 3 0
73 8 5 0
24 -3 0
27 7 -7 8 0
19 2 0
16 7 0
74 10 0
12 -6 0
48 8 0
27 -8 0
81 9 0
80 -2 0
3 -9 0
28 2 0
21 2 0
53 8 0
97 7 0
35 -10 5 0
9 -7 0
48 1 -3 8 0
68 -7 0
56 -6 0
30 1 4 -3 0
47 9 0
87 -7 10 0
75 -2 0
67 4 0
19 -6 -3 0
74 8 1 0
37 4 0
74 8 0
39 1 0
94 9 0
64 3 0
54 1 0
79 2 9 0
94 1 -10 0
27 -10 0
78 10 -5 0
56 -1 -6 0
99 -7 -1 10 0
1 6 0
12 2 0
59 4 0
47 -7 0
15 -9 0
88 9 4 -3 0
83 8 6 -5 0
1 -9 0
14 -8 0
6 1 0
68 2 0
69 -2 0
5 -8 -7 -7 0
11 -3 2 0
71 6 0
43 -5 9 3 0
95 -7 0
89 -8 0
90 -6 0
28 -6 0
61 -1 0
54 10 -5 0
57 9 0
51 3 0
71 -4 0
22 10 0
73 -5 0
73 4 0
82 2 0
31 -6 0
99 -6 0
15 4 1 0
79 -7 0
2 9 0
60 8 0
81 7 2 -3 0
41 5 -1 5 0
16 -7 0
25 5 0
64 -9 0
49 -5 2 0
33 1 8 0
6 -10 0
92 -10 5 -5 0
85 8 0
28 1 0
71 1 7 7 0
59 -6 0
50 8 0
18 -3 0
21 -9 2 0
54 5 -7 -1 0
94 -10 0
74 4 0
13 -4 0
56 4 0
99 6 6 0
64 4 -10 0
57 9 0
6 7 3 -3 0
24 7 0
49 -1 0
47 4 0
18 7 1 0
40 -9 0
99 -10 7 0
52 -10 0
46 -3 1 0
58 9 3 3 0
96 3 0
30 7 0
98 3 0
84 9 0
59 -10 0
24 -5 0
10 8 0
47 1 6 -7 0
57 -1 2 0
95 4 0
83 8 0
11 1 0
2 -4 0
40 5 -3 10 0
56 3 0
95 8 0
48 6 9 -2 0
20 4 0
95 -9 0
89 -8 0
39 -7 0
55 -6 0
47 -3 0
94 -8 0
87 -10 0
8 -7 -2 -9 0
96 8 0
73 -9 0
5 10 0
13 4 0
4 -2 0
71 9 0
22 10 0
97 -10 0
86 5 0
48 9 2 -10 0
26 -5 9 -8 0
53 -6 0
18 -5 0
35 5 -8 9 0
19 1 0
38 7 10 0
99 5 0
40 -6 -10 -8 0
12 9 0
63 -9 0
82 5 -1 0
21 -4 0
62 -7 0
41 6 -2 0
54 -4 9 -9 0
25 -8 0
21 9 7 -9 0
72 -3 -7 0
97 8 0
59 -8 0
9 -1 0
65 -4 0
94 -9 0
10 -8 0
12 -2 0
41 2 0
2 6 0
96 10 10 6 0
77 -7 10 0
80 3 -9 -4 0
4 1 0
60 -5 0
10 3 0
36 -4 0
69 -2 0
45 -2 0
63 -9 6 0
18 2 0
68 6 0
29 6 0
53 6 0
77 4 0
62 5 -6 0
60 10 0
13 5 0
21 -5 0
16 -1 -9 0
75 -1 0
51 -2 4 10 0
8 5 0
46 -8 0
55 7 0
18 -8 0
61 6 0
84 -4 0
95 -8 1 5 0
25 10 0
24 4 0
83 8 0
64 4 0
49 -2 0
87 2 0
27 1 -9 0
81 -7 0
26 1 0
25 6 1 0
1 -8 -3 0
42 -6 -5 5 0
41 4 8 10 0
1 -7 0
4 7 -9 0
21 -4 0
53 5 0
92 -6 0
85 10 0
63 -10 0
7 -5 0
38 -4 3 10 0
93 6 0
66 5 9 2 0
31 8 0
4 -10 0
37 9 -2 -7 0
6 4 0
74 10 0
52 4 0
36 -8 0
36 -3 0
70 4 5 -4 0
64 -8 0
21 -9 0
37 -3 -10 0
47 10 0
38 -7 0
57 -10 0
18 -3 0
32 -2 0
51 -3 0
84 8 0
37 3 0
76 1 0
45 -8 0
74 -3 0
36 -9 -7 0
8 -2 0
75 6 0
47 -4 1 -1 0
56 -8 -6 -4 0
94 9 0
12 10 0
27 8 0
87 -3 -6 1 0
51 -2 0
46 -10 0
17 -7 0
92 3 0
88 8 0
7 -2 0
25 6 0
80 8 0
86 7 0
23 6 0
91 7 0
37 -10 3 -10 0
52 -10 4 0
78 7 0
98 4 0
95 4 0
65 2 0
54 4 0
47 -10 0
58 -6 8 0
43 -5 -5 0
27 7 0
37 -5 9 -6 0
8 -1 0
54 4 0
48 5 0
26 -6 10 6 0
89 -1 0
81 -4 7 0
6 6 0
62 9 -5 6 0
61 -9 0
12 -10 -4 1 0
27 2 0
86 -9 0
66 7 0
36 3 0
70 -3 0
48 4 0
45 -8 0
66 -2 -6 1 0
31 7 9 -5 0
38 -10 0
80 3 -8 1 0
31 1 6 0
33 -10 0
76 -9 1 0
6 9 0
19 7 0
18 -10 0
74 10 0
29 -5 0
63 5 0
57 4 0
23 2 -1 9 0
50 8 5 -8 0
70 -4 7 0
55 10 0
62 3 0
18 -10 0
42 4 0
88 8 0
38 -6 3 0
35 4 0
1 9 -10 2 0
14 -8 2 0
69 8 0
94 -7 0
55 9 0
63 9 0
95 6 0
50 -10 0
56 8 -4 0
15 2 9 3 0
61 -9 0
83 -4 -4 3 0
8 6 8 0
86 5 -6 0
95 8 0
86 7 -4 -2 0
20 8 0
39 -3 0
14 -9 0
89 8 0
78 -9 5 0
75 9 0
30 3 0
89 -5 0
31 -4 0
83 6 0
48 -5 0
13 8 -1 5 0
55 -5 0
69 1 -6 0
97 2 -4 8 0
73 -6 0
13 -7 0
4 3 0
19 -7 0
19 5 0
45 -6 7 0
4 -5 0
89 7 0
29 -1 0
30 -9 0
77 5 0
100 -8 0
39 -8 5 -5 0
11 -3 0
80 -6 0
42 -2 9 -2 0
54 8 2 -9 0
37 8 0
48 2 -2 0
48 -5 4 0
11 10 0
47 3 -1 0
50 -6 0
93 7 0
83 10 0
4 -9 0
80 10 0
80 -7 0
51 -1 -4 1 0
31 -9 9 -8 0
32 -5 4 4 0
6 4 0
90 -3 0
4 6 0
52 -7 6 -2 0
6 3 0
3 -6 1 0
94 -3 0
86 -2 0
1 3 -10 4 0
93 -7 0
47 -6 0
60 -7 7 -2 0
46 8 1 7 0
81 10 0
44 5 7 8 0
31 -3 -5 9 0
53 -7 0
64 -8 0
58 -4 0
14 -9 4 3 0
35 -1 0
98 1 6 7 0
96 5 -10 1 0
26 -7 0
42 -2 0
33 -2 5 0
15 -4 -4 0
77 3 -6 0
42 4 0
39 8 -8 0
29 10 0
97 4 -4 3 0
85 -3 8 0
80 -6 -10 0
71 8 0
94 -8 0
8 8 -5 0
21 4 0
76 2 3 4 0
72 3 10 0
80 2 0
17 3 0
76 1 -7 0
70 -4 0
39 10 0
32 -10 0
20 -8 -7 0
1 -9 0
53 -4 0
98 8 2 3 0
83 -9 0
38 -7 1 2 0
44 9 0
3 9 0
78 2 -8 0
21 -9 0
40 8 -8 5 0
75 4 0
69 -2 9 -5 0
82 9 -8 10 0
1 -5 0
46 3 0
92 9 -6 -2 0
68 -10 0
92 -1 2 -3 0
24 5 -4 0
25 -5 0
59 -6 0
7 7 0
54 4 0
70 8 0
23 -1 0
66 6 -9 0
22 -4 -1 0
98 7 7 0
42 -9 -10 6 0
70 10 -1 0
96 -10 0
10 6 0
44 3 0
24 -10 0
10 10 0
41 3 -8 0
75 -1 -7 0
31 -10 0
96 -6 0
31 -9 5 0
1 -6 0
4 5 0
90 10 0
6 -6 0
30 9 -6 0
39 -2 0
87 9 5 -9 0
90 -7 0
40 -2 0
98 -6 2 0
32 4 0
17 -5 10 1 0
74 -8 0
44 1 -5 -9 0
31 -1 -2 -6 0
6 -9 0
85 -4 0
16 -10 0
78 1 5 0
42 -3 0
36 -4 6 -9 0
42 -8 -5 0
83 -10 0
33 10 1 0
36 1 0
68 4 0
64 3 0
48 -3 0
7 -6 0
61 -2 5 -2 0
28 5 0
95 7 0
35 -10 4 -5 0
4 5 -8 10 0
45 -1 0
68 -7 0
73 10 0
52 -9 -7 9 0
37 9 0
28 8 0
29 -4 0
25 7 0
56 3 -10 -6 0
87 3 0
89 1 8 -4 0
58 -3 0
41 -5 1 0
37 -5 -4 0
3 -7 0
36 3 0
33 -5 0
18 10 2 0
5 -9 0
54 -4 -6 -2 0
44 -8 0
59 8 -7 -7 0
56 -5 0
59 3 0
73 -3 6 -9 0
59 4 -8 0
37 6 0
25 6 0
39 7 0
2 5 5 0
33 2 0
46 -2 0
50 9 -7 0
52 -9 0
81 8 10 -5 0
50 -9 0
83 10 0
23 -5 0
51 -10 4 1 0
93 -7 -9 -10 0
9 3 0
55 -1 6 -10 0
34 10 0
11 10 0
43 9 10 0
34 -4 0
41 -10 6 0
63 10 0
73 -2 0
82 -4 0
5 -8 -10 0
17 -3 0
40 -5 9 0
75 -6 0
32 -10 0
43 -9 0
69 4 0
35 9 4 5 0
53 7 5 0
68 10 0
12 -3 0
40 4 1 -2 0
55 9 0
98 8 0
64 7 0
51 6 0
93 3 0
99 1 0
59 4 0
100 -5 0
24 -1 0
32 -9 0
13 5 9 8 0
33 -6 0
84 -6 0
66 3 0
94 1 -10 8 0
93 3 4 0
92 7 1 7 0
92 -1 -10 0
16 -6 0
48 -6 0
15 -7 0
82 9 5 -10 0
67 -5 0
75 3 -6 0
42 -2 0
71 -3 0
95 1 0
30 9 7 -2 0
28 -8 0
77 -10 0
54 8 7 0
42 5 0
71 6 9 -4 0
34 4 6 8 0
13 -2 -2 -3 0
16 -9 -2 -10 0
82 -6 -2 0
24 -2 8 -10 0
34 1 0
35 -6 -6 0
69 -5 0
76 1 -3 0
58 -9 -5 -10 0
83 1 0
75 -4 0
61 5 0
73 6 0
26 -7 -4 0
45 6 0
31 -8 0
41 -2 -8 -1 0
13 9 0
86 -1 -6 -10 0
97 5 -5 6 0
75 5 -3 0
66 -5 0
1 -2 0
92 4 0
69 6 0
59 10 -8 2 0
65 -1 0
39 -2 0
10 4 0
95 -6 0
79 5 0
44 8 -4 -10 0
88 -2 0
3 4 -10 0
71 -1 0
27 -7 6 0
94 -4 0
83 -6 0
10 -8 6 0
39 1 0
85 -10 3 0
38 -3 0
88 -3 8 -6 0
71 7 0
83 -5 0
85 9 0
1 -5 -9 0
50 -8 -10 0
37 5 -1 10 0
71 6 0
90 -5 0
80 5 7 0
52 -4 0
46 -3 0
2 10 0
20 8 0
15 -4 0
100 9 0
74 -5 0
10 2 0
38 -9 0
16 2 0
51 9 0
25 -2 0
89 10 0
85 -3 0
4 1 0
36 2 0
99 -5 9 5 0
47 -5 -10 0
46 -5 0
67 -4 0
66 -3 0
80 -10 0
89 -7 8 -10 0
11 1 0
60 -8 7 3 0
27 9 0
67 -9 0
2 -9 -7 -10 0
18 -10 0
74 5 1 10 0
5 7 -7 -10 0
97 -2 1 0
94 -4 0
76 7 0
37 7 -6 4 0
71 6 0
85 3 0
68 7 0
78 6 -10 0
98 3 0
3 1 -9 0
38 2 0
98 4 0
65 1 0
51 2 0
16 -8 0
67 9 0
49 7 0
18 10 7 -3 0
60 -5 -10 3 0
37 5 0
18 -10 0
36 5 0
59 7 -6 -10 0
44 7 0
59 -10 0
81 -10 0
24 3 0
23 8 0
4 9 0
96 -8 0
7 4 0
6 -5 0
69 2 0
52 -7 0
36 -1 0
20 -9 0
21 8 0
73 6 0
78 -10 0
26 5 0
77 -3 0
83 -9 0
24 -7 0
20 -2 0
84 9 8 9 0
60 9 0
65 -7 6 0
89 -7 0
98 -4 -1 0
90 7 0
91 -8 0
51 5 0
39 -4 0
2 10 -5 5 0
54 -5 0
18 2 0
10 -10 0
15 -6 0
86 -10 0
50 -10 0
10 6 0
50 4 0
84 -5 0
100 6 0
21 2 -8 0
19 -5 0
4 6 0
35 -3 0
27 7 3 -2 0
32 -8 2 0
1 5 0
19 -3 0
68 -3 0
48 -2 0
93 -10 0
51 2 -5 0
30 8 7 3 0
93 5 0
69 -4 0
30 -9 0
97 7 0
77 -9 0
75 -9 0
74 -9 5 0
80 -8 3 0
69 -1 -5 0
43 6 0
58 9 0
38 6 0
62 -9 0
78 -6 0
68 -10 8 0
77 4 0
23 -9 -4 -7 0
72 -5 5 6 0
22 4 -7 4 0
62 -9 6 -4 0
72 4 -3 0
93 -3 0
67 -1 0
60 3 -10 0
99 -5 -3 -10 0
88 6 0
65 10 1 0
44 2 0
28 8 0
18 6 0
57 9 0
47 3 0
81 -7 0
4 10 -4 -10 0
57 -3 1 -6 0
40 -4 -3 7 0
64 -8 0
64 7 -9 0
11 -8 0
91 -7 0
37 -6 0
70 9 0
59 -10 7 0
14 8 0
33 7 0
95 5 0
75 -7 0
88 5 0
86 9 -10 -2 0
82 -10 0
89 -4 0
42 5 0
45 -9 -1 -4 0
27 9 0
4 4 0
30 -6 0
25 -5 3 -2 0
85 -7 -1 2 0
34 1 0
16 6 0
58 8 0
100 -4 9 0
53 1 -7 0
5 -4 0
88 -6 0
51 -9 9 -10 0
94 -4 6 1 0
23 -10 -5 1 0
64 7 0
9 -2 -2 9 0
71 6 -6 0
75 -4 7 -3 0
3 8 7 0
20 6 0
62 -9 0
42 1 0
73 10 0
39 1 0
84 -4 4 -8 0
77 -1 -7 0
33 -6 5 2 0
62 9 -6 0
51 4 0
15 2 0
66 -8 0
91 -3 0
95 4 0
78 6 0
66 -10 -6 -5 0
21 -5 -7 0
66 5 -9 0
46 -4 0
53 9 0
27 -6 0
96 -3 0
2 -4 -2 -3 0
50 9 0
93 -8 0
69 4 3 0
61 -6 0
52 10 4 0
74 8 0
69 -9 0
19 2 -2 0
74 -7 0
45 1 6 0
100 -5 0
83 -8 0
67 -9 0
73 7 0
89 6 0
46 2 0
25 -8 3 -9 0
46 -1 0
21 -8 -10 8 0
80 -4 0
37 3 -1 0
42 6 -3 3 0
66 1 7 -3 0
16 9 0
100 10 4 8 0
47 4 0
66 9 0
44 2 6 -9 0
92 -10 0
33 6 0
82 8 8 4 0
87 -1 0
17 5 -3 7 0
66 -2 0
11 2 -9 0
4 -2 0
93 -6 0
50 -3 0
44 7 6 0
8 -2 0
29 -3 -9 0
85 -9 6 -1 0
87 -7 0
15 10 0
34 -2 9 2 0
21 8 0
1 -3 0
8 5 -5 0
40 5 6 0
24 -8 2 -10 0
99 7 0
25 5 0
47 6 3 5 0
43 -2 -3 0
77 -7 -1 7 0
44 -2 0
50 -6 0
35 9 0
61 -3 0
92 -6 0
67 7 0
12 -6 0
30 -2 -1 0
93 -5 0
60 3 -6 1 0
87 -9 -4 0
72 10 0
30 -2 0
48 7 0
49 2 0
15 3 0
43 -6 5 3 0
93 4 3 2 0
20 -5 0
95 9 0
8 6 0
82 -2 0
53 8 0
94 -5 0
48 3 0
10 -3 -7 -10 0
95 -9 0
39 8 0
36 9 5 6 0
49 5 0
3 -7 -1 0
4 -6 0
90 -5 5 -9 0
51 -8 0
66 4 -2 0
33 6 0
80 1 0
68 -10 0
72 9 4 3 0
20 3 0
11 -10 -2 0
11 2 10 0
40 9 -3 -7 0
9 -5 0
24 4 0
44 5 0
80 2 1 2 0
17 3 -9 0
100 -3 0
11 -1 0
4 -5 0
17 6 0
4 6 0
69 3 4 0
15 -10 0
30 1 5 0
87 -1 0
67 2 0
98 -4 1 0
92 6 -10 4 0
38 3 0
76 7 -4 -3 0
71 -6 0
80 -5 0
95 1 0
37 -10 0
81 -1 0
85 -10 0
85 1 0
76 4 0
64 1 0
6 10 0
15 4 0
92 6 0
37 -6 0
93 7 0
69 1 9 0
19 2 -8 2 0
54 2 0
53 7 0
65 -4 4 5 0
54 -7 0
8 -6 0
9 -1 0
29 9 0
72 -5 0
75 9 -4 0
73 3 0
13 -8 0
49 -7 0
25 -4 10 -4 0
76 9 0
26 7 0
2 -5 0
42 5 -6 2 0
12 -10 8 0
7 7 0
4 1 8 -8 0
24 -1 0
24 -4 0
53 6 0
81 -1 8 -7 0
47 -6 -6 -3 0
98 9 1 0
43 -2 0
99 -6 10 9 0
25 6 0
72 8 0
26 -1 0
95 6 -5 3 0
3 -9 0
100 -3 -4 5 0
52 -2 0
32 -5 0
47 -4 0
64 -5 0
80 -6 0
42 -3 -7 1 0
52 6 0
29 -2 0
56 7 0
69 -9 0
57 7 7 0
26 4 0
97 6 0
34 10 0
83 9 0
3 1 0
61 -1 0
86 -5 0
76 -8 4 0
23 5 0
49 -6 0
66 3 0
38 6 0
35 -8 0
44 10 0
96 2 0
97 -5 0
99 -10 0
72 5 0
82 10 0
65 7 0
60 -6 0
58 10 0
26 -10 0
30 -3 0
54 -8 0
62 5 0
10 -6 0
99 1 2 -3 0
96 7 10 -7 0
62 -2 0
100 1 0
63 6 0
49 -8 0
96 9 0
74 -4 0
62 1 0
99 -7 0
66 8 6 0
13 6 0
6 -6 -6 0
13 -10 0
68 3 0
10 3 0
85 3 0
90 3 0
100 4 0
4 5 0
55 -3 0
12 -4 0
24 -8 0
66 3 0
65 -10 -9 0
83 1 -10 2 0
67 -2 0
7 -6 0
63 6 0
38 6 0
95 3 0
13 5 0
73 2 0
21 -2 0
52 8 6 3 0
94 -6 0
6 4 0
2 6 -10 0
46 3 0
8 9 0
74 2 8 0
57 -4 0
18 10 -3 0
62 8 0
46 -5 0
5 10 -3 0
6 7 -1 7 0
10 -10 0
42 7 0
5 -4 8 0
86 2 0
51 9 0
16 -5 0
50 2 9 0
14 6 0
14 -7 0
71 9 0
68 6 0
8 10 0
43 -7 0
66 10 0
98 3 1 0
34 -4 0
19 3 -7 0
35 -3 0
79 7 0
22 -9 0
9 8 0
27 -4 4 -9 0
26 -3 0
81 1 8 0
62 1 1 6 0
85 1 -6 0
86 -7 0
7 -5 0
92 2 0
63 -6 2 0
76 9 2 0
35 -8 0
19 1 0
39 2 0
4 7 0
40 4 0
3 6 0
28 4 0
3 8 1 -6 0
33 1 0
91 -8 7 0
91 -8 0
12 7 0
74 -2 -5 0
69 4 -8 0
40 -4 5 4 0
74 -8 -3 -2 0
30 -2 0
12 5 0
68 -6 0
79 -5 0
19 1 0
8 -1 0
87 -9 0
31 -9 0
44 -10 6 0
66 -10 0
47 -1 -1 0
40 7 0
12 -4 0
32 -3 0
39 -1 0
11 -9 0
42 -8 0
41 5 0
45 5 0
34 -8 0
7 3 0
45 -10 0
66 3 0
18 5 0
45 5 0
41 5 0
87 1 -2 0
56 7 0
100 2 0
5 10 0
19 -10 -1 0
18 -3 0
24 -8 0
48 6 -2 0
27 7 -3 10 0
27 10 0
74 10 -10 -6 0
32 5 0
81 -5 0
22 -2 0
37 -9 1 0
88 -2 -8 0
60 -4 0
67 1 0
89 8 0
11 7 0
28 -6 0
55 5 0
77 -6 3 0
39 6 0
39 -8 0
16 -9 -10 0
35 7 -4 0
4 -7 0
34 -4 0
77 -3 0
53 1 0
47 -2 0
76 -8 0
84 -5 0
44 -8 0
95 -3 0
91 7 0
51 7 0
94 3 0
29 -2 0
39 -9 -3 -4 0
9 -10 5 0
16 1 0
45 -6 9 0
71 -1 0
22 -10 0
77 -10 -1 0
63 5 0
6 -10 0
36 5 0
38 -3 0
39 8 0
12 5 0
70 -7 9 -10 0
91 3 0
50 -2 0
65 -2 0
5 1 0
83 -2 0
96 -8 0
70 9 0
23 5 0
3 5 4 0
42 10 3 -3 0
87 9 -3 0
91 -6 1 -5 0
74 3 0
7 -5 0
50 7 0
10 6 -6 0
45 1 0
23 8 0
70 10 0
55 2 -1 9 0
96 -4 0
86 4 0
60 -7 0
96 7 3 -6 0
100 -7 0
29 -8 0
50 -6 0
87 -9 0
85 -3 0
49 -5 0
10 -6 0
5 -8 0
26 9 0
59 -8 -1 -2 0
56 -5 0
88 1 -9 -2 0
44 3 0
10 -2 0
32 -7 -5 0
8 8 0
7 7 0
78 10 -7 0
62 -3 -1 0
63 8 0
69 8 0
93 1 0
59 -8 -10 -5 0
7 1 0
97 -8 0
50 -5 -7 0
9 6 0
89 -9 0
14 2 1 9 0
100 9 0
51 1 5 5 0
57 3 0
80 8 0
57 -3 -1 0
32 7 0
58 7 0
73 4 0
24 1 -1 0
50 3 0
72 10 -5 -7 0
8 -5 0
68 -8 0
20 -3 0
63 -6 0
36 7 0
68 -7 0
4 3 0
95 5 -6 1 0
18 -8 0
23 -2 0
66 7 0
61 2 0
92 9 -6 8 0
2 6 -6 0
96 7 0
22 6 0
44 -7 0
86 4 -9 4 0
92 -8 0
38 5 3 0
98 1 0
20 -4 0
86 6 6 0
14 7 -5 0
50 6 0
74 9 0
37 8 0
85 -9 -2 4 0
47 4 0
96 -5 0
52 3 0
76 3 0
74 -7 10 0
71 9 0
97 -7 -4 0
55 6 0
92 4 0
36 9 0
37 -1 0
59 -8 0
45 2 0
30 -6 0
89 8 0
17 4 0
81 -9 0
18 -4 0
32 -9 0
63 9 0
57 2 0
44 -1 0
71 -8 0
70 -8 6 0
45 -5 0
15 4 2 0
40 -6 0
50 -4 0
69 2 0
44 -7 0
41 3 0
43 3 -10 0
58 2 0
18 -6 0
25 -2 0
71 9 6 8 0
69 -8 0
9 10 0
74 1 10 0
15 -1 0
58 -9 0
83 -5 0
36 8 8 10 0
12 -6 0
29 -9 0
51 3 0
91 6 0
26 -10 -8 -2 0
71 10 0
80 1 0
77 8 8 -4 0
37 10 -4 8 0
98 7 -8 -7 0
81 -2 0
38 -3 0
80 -7 0
35 6 -9 5 0
27 -9 0
29 -8 0
80 9 0
38 8 0
75 5 0
89 6 7 -7 0
25 -2 0
92 5 0
89 -4 -9 0
94 7 -1 4 0
100 5 -3 0
70 7 0
41 -4 0
16 -2 0
20 -4 0
13 7 0
98 4 0
55 -9 0
75 3 -5 -9 0
90 -2 0
59 -5 0
84 7 0
91 -4 0
67 5 0
98 -6 0
33 8 -2 0
30 10 0
95 -2 -10 -8 0
48 -7 -10 0
37 -2 0
7 -3 0
6 9 0
73 1 0
43 7 0
83 -9 0
59 6 0
86 3 0
26 10 0
86 4 0
86 5 -4 -1 0
82 1 6 0
65 4 -5 -1 0
15 9 0
4 -9 0
34 8 -6 1 0
17 7 0
50 -4 -8 0
58 -4 0
9 -7 8 0
50 -10 0
95 -1 0
1 1 0
93 -2 0
1 -2 0
95 2 0
20 8 0
78 7 0
25 -7 0
53 2 0
96 9 0
74 -10 -7 10 0
53 10 0
27 -8 -6 0
37 7 0
12 9 0
91 4 0
12 -2 8 -1 0
29 5 0
65 2 0
97 -6 0
35 -2 0
67 -10 0
58 -6 -5 -6 0
22 -2 0
32 3 0
80 -8 10 -4 0
83 -7 0
10 3 5 0
50 5 0
85 -7 0
74 -8 0
60 8 0
63 -6 -5 0
63 6 7 0
95 -6 4 0
49 5 0
81 -3 0
85 -10 0
30 -4 0
9 -1 0
73 7 0
43 8 0
21 -1 0
72 6 2 10 0
52 -10 0
46 10 4 -2 0
78 -1 0
38 5 -6 -5 0
28 -9 0
75 -10 0
34 -2 0
100 -7 0
96 -5 0
80 -5 0
41 6 0
89 -4 -7 0
75 -4 0
29 -5 -9 0
61 -7 5 0
31 -5 0
77 5 -9 0
59 -6 0
30 10 0
79 5 0
88 -1 0
30 8 0
20 3 7 6 0
59 10 9 3 0
80 6 9 9 0
16 2 -1 0
72 5 0
5 7 0
79 5 0
59 -3 0
57 -9 2 0
85 8 0
5 -9 0
4 4 0
66 -5 0
78 -7 0
83 -9 0
81 8 -1 0
56 -4 0
8 -10 0
77 -2 2 0
30 -7 -10 0
51 3 0
96 -4 0
1 7 -8 9 0
47 1 0
5 -10 -3 0
83 9 -7 0
28 3 6 0
13 2 0
13 4 0
5 -1 -1 9 0
5 2 0
32 4 0
5 -9 0
82 2 0
22 -5 0
99 5 -3 -4 0
5 8 7 2 0
92 -9 0
81 3 0
76 -4 0
13 8 0
70 -6 0
31 -2 8 -8 0
51 -5 0
22 10 0
96 7 0
77 -10 0
84 1 0
89 2 0
20 -7 0
38 -7 -2 0
70 3 8 0
80 1 -10 0
48 -1 0
96 4 0
35 -7 0
56 -1 0
71 -8 0
42 -10 0
49 -7 -1 -3 0
34 4 0
43 -4 9 -3 0
96 -6 0
88 9 0
87 -7 -10 0
60 10 0
24 -10 0
100 -6 0
90 -10 0
4 -10 0
42 3 6 -2 0
18 6 2 -9 0
85 2 1 1 0
56 -6 0
74 -5 0
14 -5 -5 -6 0
8 -5 0
79 8 0
59 9 -5 0
74 -9 0
75 -9 0
94 3 0
57 -5 0
67 10 0
7 6 0
71 -3 0
24 -3 0
47 5 0
92 10 0
35 6 0
18 -3 0
61 7 0
7 -4 3 -8 0
