20 2000
15 5 0
43 19 0
47 5 0
23 -18 0
87 -12 1 -10 0
35 -3 0
21 1 12 -11 0
20 -9 -2 -14 0
75 6 0
71 -8 0
46 3 -14 0
33 12 0
69 -19 0
5 -8 5 0
91 17 -2 0
99 1 0
47 18 -12 0
96 4 0
35 -5 0
89 8 3 0
32 -18 0
18 -20 -3 10 0
13 18 0
38 7 18 0
39 -15 0
53 15 0
58 -3 20 0
26 -5 -13 8 0
11 -8 0
97 6 0
20 17 0
25 19 12 0
9 14 6 0
86 15 -5 20 0
2 -10 0
87 7 0
94 -11 0
41 -6 0
64 7 0
78 -10 0
84 -3 0
78 6 -5 0
4 15 11 0
80 -7 0
67 5 -6 0
89 11 0
59 -14 10 0
60 -4 0
46 7 0
30 4 6 16 0
10 1 0
74 -16 0
25 -4 0
29 5 0
57 2 -5 0
72 -12 0
24 -10 8 0
26 -14 0
4 1 -5 15 0
43 20 0
18 16 7 0
92 9 0
69 4 0
32 2 0
35 15 0
24 1 0
75 -11 -11 20 0
60 19 0
25 14 -4 9 0
77 6 -18 -4 0
77 -5 2 0
57 13 0
5 -20 10 9 0
40 -20 0
30 1 0
58 4 6 0
23 -4 -9 0
29 8 0
20 6 0
65 -3 0
5 1 0
50 -18 0
50 -8 0
37 -9 9 0
96 16 0
60 13 0
84 14 0
27 3 0
58 10 0
28 2 0
14 16 0
36 12 11 9 0
17 -15 -7 -2 0
80 -1 10 0
22 -18 0
79 10 0
39 18 -11 0
69 12 0
99 17 0
29 8 17 0
11 -2 0
68 19 0
31 -7 0
76 10 0
50 -18 0
57 19 0
28 4 0
62 14 0
9 -20 10 0
89 20 0
85 -12 -1 0
31 3 0
27 4 0
9 -14 10 -16 0
97 -5 0
31 -1 0
50 -11 0
73 -19 0
27 -1 0
42 -15 0
88 -14 0
13 18 0
9 12 20 -2 0
90 -8 0
82 11 0
18 11 0
90 -2 0
66 -2 0
84 4 -4 0
17 -18 -9 -8 0
97 -4 -15 13 0
41 -7 0
89 1 0
91 4 -16 -14 0
88 13 -5 -1 0
55 -17 0
99 15 -14 -10 0
86 -8 -19 0
48 -13 18 0
57 11 0
82 -10 -1 0
83 -16 0
60 -12 16 -12 0
47 12 -9 -12 0
11 -16 0
51 -5 5 0
47 -14 0
30 -9 0
8 18 16 -12 0
45 17 0
53 -1 0
80 2 0
60 4 0
72 11 15 0
1 -16 7 -2 0
45 -7 0
56 -8 0
4 8 0
41 5 0
18 -8 -1 0
44 20 0
5 -13 0
81 13 0
63 4 0
72 18 -14 16 0
71 16 7 1 0
32 -10 9 0
78 -3 20 0
68 -18 0
38 17 15 0
72 20 0
39 7 12 19 0
6 19 0
2 1 0
29 -14 0
55 3 -13 0
56 1 -7 0
90 -9 -3 0
28 11 0
20 -13 11 0
97 -14 0
53 13 0
90 -2 0
97 5 0
15 -16 0
58 15 14 0
51 2 0
84 3 0
8 2 -6 0
56 2 0
3 6 0
87 -18 0
60 -15 0
13 4 -10 0
12 -15 0
7 11 -10 14 0
5 4 0
23 -4 0
82 10 0
47 15 -3 3 0
27 -4 0
2 -5 15 18 0
6 10 -10 0
49 -9 0
86 -10 0
36 10 -8 17 0
91 14 -11 20 0
6 19 0
52 10 18 0
87 12 20 6 0
33 -7 -20 0
87 13 -6 0
21 19 16 0
10 6 0
21 -1 0
85 -14 5 2 0
73 -20 0
35 8 0
44 19 -17 0
11 -12 0
33 1 -17 5 0
36 16 0
25 -16 0
66 12 -6 -8 0
27 -17 0
31 -16 0
57 -7 3 0
21 -11 0
50 -11 0
22 -3 0
63 -4 0
39 12 0
9 -8 0
72 -11 0
88 9 -9 -4 0
19 20 0
10 11 0
2 -14 0
78 14 0
24 -16 -5 0
78 2 0
76 6 0
95 -10 0
27 -9 -17 3 0
7 15 0
23 7 0
21 -14 0
86 1 0
57 -14 0
50 5 -2 0
21 -2 0
55 -3 0
22 -20 0
27 -12 0
9 8 9 -3 0
99 3 0
28 9 10 5 0
91 16 0
87 10 15 18 0
37 -7 12 -6 0
63 -11 0
81 -12 0
28 1 0
26 -19 0
8 9 16 -7 0
84 -12 -12 0
89 -3 0
87 -12 1 0
61 19 0
25 -7 13 -10 0
92 15 0
60 -4 0
79 -7 18 -13 0
28 1 15 0
18 -6 0
27 2 0
19 -7 -3 0
64 -10 0
41 -15 0
82 3 0
64 -2 2 -15 0
30 2 0
55 4 0
93 3 0
84 20 0
90 6 0
35 -9 0
52 -20 0
15 14 0
6 9 0
3 -17 -6 0
69 -4 19 12 0
59 11 0
60 4 0
80 -15 0
87 -17 7 0
93 -18 0
24 -11 0
52 -12 0
20 -11 0
26 8 0
61 -11 0
30 -4 0
11 13 0
83 -10 18 -4 0
17 -4 0
97 -5 0
75 5 14 11 0
75 -17 0
49 -13 0
19 16 0
48 -14 0
48 2 0
27 18 0
53 -18 -13 0
41 20 0
81 16 -14 -14 0
58 1 0
45 -7 0
86 -7 0
84 -14 -9 13 0
89 13 3 0
77 15 15 19 0
59 -17 0
79 -5 0
89 -18 0
42 -1 0
62 -4 0
21 -5 0
34 10 0
31 8 0
87 16 8 0
49 -19 0
2 16 0
24 -17 0
48 -7 0
97 20 -18 0
89 -9 0
2 13 0
99 15 -7 -10 0
50 -18 0
84 4 0
31 -10 0
9 10 2 0
19 -12 0
32 -18 0
17 -12 -15 0
50 18 0
92 12 0
22 -8 -6 0
42 6 0
62 -12 -15 -11 0
63 14 0
18 -5 -5 -8 0
34 -11 -2 10 0
73 -16 0
54 -19 0
60 -15 -6 0
95 -2 0
84 18 0
52 -3 0
54 -5 0
4 9 0
86 19 0
7 13 0
8 -12 0
90 11 0
2 12 0
35 -3 0
20 3 0
24 -12 0
23 2 0
98 11 0
90 20 0
47 20 0
22 20 0
71 7 0
18 -17 0
96 1 -12 0
32 12 0
65 2 0
95 12 0
89 8 0
11 15 0
96 -18 0
6 -19 0
50 14 1 0
89 13 -2 -14 0
98 5 0
54 8 -13 14 0
86 -10 -10 16 0
50 -20 0
39 17 0
95 -6 0
17 -9 0
22 -10 0
79 -1 0
32 -12 0
56 16 0
89 17 -19 0
26 12 0
27 2 0
27 14 0
21 16 0
2 20 -10 -3 0
3 -5 0
73 1 0
98 -6 0
80 -3 0
1 18 0
44 19 0
9 -8 0
50 -11 0
85 -4 0
59 -3 0
41 15 0
30 12 0
47 20 0
99 9 -19 0
49 2 1 -16 0
85 15 16 8 0
3 10 0
99 5 3 -8 0
93 12 0
1 -17 0
77 13 0
64 -12 0
90 -15 0
11 -17 0
3 11 0
54 14 0
43 -7 -1 -15 0
3 11 0
8 -17 9 14 0
91 12 0
37 -14 0
98 -4 0
95 -5 0
34 12 -14 0
75 -14 0
73 16 20 0
11 -10 0
90 7 0
64 -8 9 0
56 2 0
83 4 0
99 -13 0
60 8 2 0
18 8 0
91 18 13 0
15 15 14 -9 0
16 13 0
55 -4 0
19 -9 0
1 -9 0
23 -6 -13 4 0
59 -7 0
61 -12 -6 0
64 -13 -1 10 0
88 6 0
22 9 0
34 20 0
69 -17 0
19 -1 0
85 -20 0
51 -4 4 -4 0
61 4 0
80 2 0
28 10 -7 0
33 -9 0
75 -11 0
38 -6 0
65 -18 2 -11 0
63 12 0
11 -18 19 0
47 -19 0
3 10 0
69 18 3 0
15 -13 0
30 8 20 1 0
82 17 -20 -5 0
85 -1 0
28 14 0
19 -5 0
20 20 0
99 3 0
91 14 18 0
74 13 0
80 -7 0
89 6 0
56 2 13 0
23 19 0
88 2 1 8 0
11 5 0
21 17 0
45 -11 0
41 1 0
98 -12 0
85 -3 0
3 20 -20 0
73 -15 0
15 -9 -14 0
72 7 0
94 -20 0
12 -15 5 0
68 19 0
10 -19 0
99 -18 0
21 -11 0
56 -7 -7 0
31 -5 0
89 -7 0
19 12 0
29 19 -12 0
11 -3 -3 -15 0
70 10 0
2 3 0
59 -11 -8 0
21 -1 0
68 15 -7 0
87 -5 0
4 10 0
96 -7 0
32 -11 0
92 6 6 18 0
15 -18 0
51 -11 0
96 4 0
20 1 20 0
91 2 0
17 -10 0
27 -11 14 0
76 4 0
46 10 0
2 -19 2 0
9 17 -8 0
64 12 0
43 7 6 20 0
33 17 8 0
59 -1 0
59 20 -2 0
20 -4 0
47 -2 0
91 -10 0
74 -5 0
85 6 0
25 -16 0
55 -3 -11 14 0
30 3 0
16 -9 7 0
37 -4 0
37 -15 0
26 15 -10 0
89 -8 0
49 -9 0
15 -11 8 0
28 12 0
82 6 0
12 -8 -11 19 0
64 20 11 9 0
20 -13 0
58 17 11 0
70 -14 -1 9 0
25 4 0
60 -13 4 10 0
25 -15 0
69 7 0
69 -11 0
84 20 0
92 -5 -4 0
64 19 0
21 -17 0
5 -10 0
39 9 0
3 10 0
77 -11 0
35 -5 6 0
1 19 5 18 0
97 17 0
92 10 0
42 -19 0
97 -6 0
50 9 0
76 -18 0
96 -1 15 0
6 7 0
8 13 0
49 -3 0
100 8 0
11 -13 0
99 -14 -1 0
38 1 0
17 -9 0
41 19 0
55 8 0
64 12 0
5 11 2 0
13 -8 -20 17 0
25 -11 -7 -3 0
4 1 0
75 -12 0
18 16 0
68 1 2 -11 0
48 -1 0
22 -11 0
6 -6 -7 0
97 -7 0
53 -5 -11 0
46 15 0
25 -18 0
83 -3 0
79 18 0
95 -6 18 5 0
50 6 -8 -12 0
35 9 0
5 -15 0
99 19 17 0
25 17 0
65 -3 0
9 -20 5 -1 0
18 13 0
37 4 -1 0
97 1 0
88 -14 0
16 13 0
81 12 -11 0
86 16 0
87 -10 0
37 5 0
57 -2 -17 0
83 10 0
93 -14 7 6 0
35 20 0
38 13 0
12 -13 0
66 2 0
2 -12 0
1 13 0
53 -13 0
94 -2 -11 -7 0
19 19 0
69 7 0
67 5 0
17 -4 20 0
88 14 2 0
56 -14 -20 0
36 -15 0
5 16 0
72 -19 10 0
97 11 3 -3 0
50 -3 4 0
22 -8 0
20 -19 0
17 19 0
32 11 -5 3 0
29 8 0
81 4 -7 0
5 5 17 0
15 14 0
78 -18 14 5 0
65 20 0
20 1 0
1 12 0
55 -13 12 1 0
39 2 -4 -5 0
94 19 0
67 17 0
72 -10 0
67 6 -14 5 0
98 20 0
51 4 0
33 -2 19 5 0
21 -3 0
70 8 0
36 -16 15 1 0
50 3 6 -8 0
21 -14 -19 19 0
66 4 14 16 0
28 2 0
14 12 0
31 17 8 -15 0
95 10 -2 0
50 -6 0
2 17 0
23 -20 11 0
25 10 14 0
9 -5 15 0
27 17 0
1 -16 5 0
42 -8 0
17 -12 -11 0
85 20 -10 -8 0
19 15 9 -1 0
4 -6 0
86 17 5 -13 0
88 2 -18 0
40 16 0
32 4 0
36 16 0
61 -7 0
82 4 0
44 8 -15 0
74 -4 -1 0
91 -10 0
35 -2 -17 0
98 8 0
36 16 0
64 -12 0
37 -9 0
77 20 0
7 -13 -15 0
51 -8 -12 0
16 -15 13 7 0
71 12 0
60 -8 14 0
26 2 0
19 15 4 4 0
73 15 0
61 11 -12 -4 0
59 19 7 15 0
18 -13 0
35 15 0
50 1 -8 0
3 -20 0
78 10 0
42 18 0
1 -6 9 0
6 -5 0
99 -18 0
52 14 5 0
30 17 0
47 11 0
75 -13 -12 -9 0
82 14 0
16 20 0
67 -11 0
35 6 0
3 -7 0
43 13 8 -16 0
69 14 0
64 2 0
84 16 13 0
80 -15 0
92 -10 -17 10 0
70 10 0
30 7 0
49 -17 0
81 -11 0
75 -3 -20 0
18 -15 0
69 7 0
19 19 -11 -13 0
22 -16 0
85 -16 -13 -6 0
12 2 0
10 8 -20 -2 0
95 16 0
95 -17 0
95 -13 0
15 -15 5 10 0
61 6 0
97 -17 4 8 0
75 13 0
33 13 0
67 17 -4 0
57 4 0
12 3 0
14 13 0
28 -5 0
51 3 0
38 -13 8 -3 0
69 -2 0
86 17 0
80 19 0
97 -2 -14 0
67 -19 -14 -3 0
100 13 0
90 -8 0
25 12 0
50 -18 0
56 -20 0
76 -4 0
27 -8 12 0
22 -19 10 -10 0
61 -4 0
16 20 0
48 -17 -11 0
78 19 0
48 -17 0
11 10 -17 0
65 6 14 0
98 -6 0
82 17 0
9 -9 17 0
75 19 0
55 -6 0
34 8 0
65 13 0
17 3 0
73 16 0
73 18 0
71 -10 0
49 3 0
98 6 7 0
92 14 0
98 4 -8 0
47 11 0
68 -15 0
32 -6 0
83 11 3 0
56 -3 0
48 15 8 0
72 -9 0
5 19 -13 -8 0
16 -11 -16 -9 0
86 -18 3 -4 0
70 -11 -20 -18 0
46 -8 0
73 -11 0
60 17 0
35 -15 0
20 -19 0
66 -17 0
34 11 0
66 -19 0
17 -19 5 15 0
71 -18 -5 9 0
88 4 0
1 13 0
68 -12 0
94 -3 13 0
33 4 0
65 -18 0
42 -8 0
88 10 -4 0
67 -10 0
71 -8 0
90 -14 9 0
58 -6 0
26 18 0
68 -18 0
38 -20 -8 6 0
48 -4 0
98 -19 14 17 0
40 -4 9 0
80 20 0
37 -1 0
85 -16 5 0
75 12 0
2 19 17 0
75 10 0
57 -12 4 0
21 1 0
56 -3 6 15 0
10 -1 0
79 -19 0
16 -5 0
97 7 0
1 -7 0
79 17 0
38 -12 17 -16 0
58 -1 -5 20 0
77 11 0
52 10 0
21 16 0
40 15 0
43 -9 0
87 18 0
26 16 0
27 -19 0
73 -16 0
86 1 0
36 20 0
44 17 9 0
81 4 0
22 -17 0
58 -15 0
70 -16 0
67 -19 0
91 15 0
36 -5 0
8 9 0
64 7 -20 0
86 -13 0
22 -20 0
27 -14 0
50 -18 0
46 -7 0
37 -8 0
20 -4 -5 9 0
37 -15 -6 0
45 6 12 0
82 -20 0
44 12 0
81 -8 0
74 3 0
78 19 0
100 -11 0
30 -8 0
62 20 -9 0
6 11 0
44 17 0
89 -13 0
84 -6 14 0
85 -15 0
14 -4 0
11 2 17 0
11 2 0
53 14 0
40 -12 0
36 6 0
23 -20 0
45 -10 -4 -5 0
65 -6 0
86 -7 0
88 12 0
76 3 0
50 -10 -19 18 0
10 17 0
66 -12 -15 0
52 13 0
83 3 0
44 -12 0
44 -15 -20 0
7 -5 0
62 -1 0
98 -15 0
5 -17 0
60 4 0
66 15 0
73 3 0
5 20 -16 11 0
53 3 0
80 -15 0
53 -3 0
65 -10 5 0
7 -13 0
9 -6 0
57 -19 -12 18 0
48 -2 0
27 7 0
34 -12 0
50 8 6 17 0
45 17 -8 -18 0
28 4 0
40 -9 20 19 0
3 9 0
24 -18 0
38 -15 0
57 13 0
27 12 14 0
65 -20 15 -7 0
63 -19 0
57 1 0
28 -12 0
42 -10 16 6 0
52 20 0
66 -17 14 7 0
19 -19 -5 0
86 3 -5 -2 0
49 13 0
32 20 0
100 5 0
20 -5 0
25 -12 0
33 -17 0
61 -5 0
66 -6 0
94 17 13 -18 0
47 -9 -15 12 0
30 -18 0
14 -16 0
19 3 0
35 -8 0
25 9 0
1 -7 0
68 12 0
14 4 0
40 -12 -12 0
24 7 0
29 -6 0
70 14 0
43 -11 0
96 -12 0
62 -7 0
94 8 17 1 0
2 -18 0
93 14 0
92 -19 0
51 -13 15 12 0
91 -2 0
81 13 19 -11 0
91 20 0
68 -12 0
66 1 0
96 12 0
75 15 9 0
74 -13 0
98 -10 0
53 13 0
20 -13 0
24 13 0
3 8 0
24 -18 0
16 -18 0
39 -17 -19 0
70 -3 0
12 -2 0
28 4 0
26 -14 0
39 3 0
97 -4 0
24 15 0
100 -17 0
2 2 0
63 18 2 -6 0
49 15 -19 0
38 -14 0
76 9 16 -2 0
2 -6 0
29 5 0
93 -9 -18 9 0
25 -1 8 0
81 17 7 0
25 -16 0
14 5 0
62 -20 0
53 -13 0
65 -20 0
1 14 0
1 -12 0
10 -4 -1 -2 0
85 -20 0
38 6 5 19 0
42 -14 9 -8 0
11 -14 -4 0
13 -19 -12 0
43 -15 5 9 0
19 15 -13 9 0
41 -20 0
31 14 0
41 18 0
74 2 0
73 5 0
38 6 0
84 20 0
35 7 -6 19 0
62 -11 0
100 2 0
85 -8 0
10 10 0
30 11 -18 0
52 -20 -2 0
41 19 0
75 13 4 0
26 18 0
7 11 15 0
11 -9 0
33 3 -15 0
16 -1 0
36 -9 5 1 0
34 -18 0
57 7 0
35 -9 0
7 2 0
14 -3 0
85 -1 0
6 -2 19 15 0
93 -14 0
93 -4 -5 10 0
20 20 19 0
79 17 15 0
93 18 0
55 14 0
8 -9 0
23 -7 6 0
33 -2 0
75 12 0
18 -12 0
55 -13 0
23 -12 0
92 17 0
32 13 0
54 -10 0
11 8 0
13 14 10 0
96 -8 0
52 -11 -19 2 0
59 -5 0
80 -16 0
90 20 0
67 -20 -6 15 0
7 -18 0
75 2 15 0
94 15 0
12 1 15 0
1 -10 0
35 11 -8 0
25 -15 0
10 -1 0
69 15 0
14 -17 17 0
40 5 0
91 16 0
26 2 0
17 1 0
47 15 0
94 -1 -9 -17 0
12 19 0
54 8 13 3 0
92 12 0
42 18 0
49 18 0
96 2 0
76 12 1 -9 0
75 -2 19 0
74 -11 0
23 3 0
57 -12 0
97 -16 12 0
60 -20 0
35 -3 0
33 -15 0
40 15 16 0
4 -1 -16 0
20 17 0
36 8 0
85 -2 0
82 -12 0
83 -19 -15 0
98 4 0
4 -7 8 18 0
54 -10 0
54 -10 16 -9 0
28 -6 0
9 3 -4 2 0
80 -14 0
1 -1 0
63 18 0
74 11 0
31 -4 6 12 0
86 -20 -17 4 0
55 11 20 5 0
14 9 0
64 -16 0
45 11 0
38 -4 0
4 -13 0
39 -12 0
96 -15 0
23 10 0
19 18 0
80 -19 0
2 20 0
8 9 0
68 -13 0
30 -9 0
11 9 0
74 -9 0
14 9 0
57 -3 -7 0
21 6 -2 0
34 17 0
68 -13 0
51 -13 18 -7 0
35 1 0
53 5 0
43 3 0
15 -4 -16 0
76 5 0
38 -8 0
20 -12 -8 0
85 -6 0
22 -19 0
81 -10 0
3 -4 0
78 -20 -2 0
54 18 0
5 10 0
46 -9 0
55 -4 4 0
25 5 0
94 -4 0
45 -18 0
9 -15 0
40 -15 11 3 0
49 -8 0
11 -10 0
57 -7 0
48 5 0
71 -3 0
46 19 15 11 0
41 -17 10 11 0
83 7 0
22 -4 0
67 -2 -17 -7 0
39 15 0
9 14 9 0
33 8 0
70 20 15 -10 0
35 17 0
99 15 10 3 0
70 -14 -7 0
59 -15 20 0
79 6 0
17 -6 -14 0
60 17 -18 0
25 8 0
27 -16 0
84 -18 0
92 1 3 0
21 -14 0
57 11 0
21 4 0
3 8 0
34 -13 0
5 19 12 0
72 8 0
52 14 15 20 0
45 -1 -15 -5 0
50 -15 0
78 6 -18 12 0
23 8 -4 11 0
77 12 0
89 10 0
96 -8 0
33 8 12 0
94 4 -14 0
67 16 0
21 -10 -6 11 0
10 -20 0
79 3 0
58 18 -12 0
97 12 0
59 -12 -20 0
48 14 12 0
2 -10 0
14 -17 0
68 10 4 13 0
29 -19 0
80 9 0
28 -12 0
91 -14 -6 -6 0
19 15 9 0
32 -8 0
66 1 -18 0
95 19 0
53 9 -16 0
61 -7 0
21 8 0
98 2 0
92 8 0
58 18 0
16 3 -12 4 0
16 -16 0
82 2 -2 20 0
31 -7 0
53 15 -9 0
67 -16 0
57 15 0
68 -5 0
39 -6 -3 0
19 -5 0
84 -14 0
9 -8 0
12 -2 0
90 -2 -9 0
60 14 0
66 -10 0
72 -17 0
34 2 9 -6 0
27 6 0
1 -6 0
67 18 1 0
34 -20 0
4 -19 0
44 -4 0
40 12 0
100 -11 0
24 -1 0
11 -14 0
97 -16 8 0
67 -8 0
29 -17 0
93 18 0
49 2 16 0
86 14 0
100 -13 0
19 14 -11 0
2 15 0
88 14 0
1 7 0
59 15 -13 0
63 7 0
55 15 0
36 2 19 0
72 -8 0
57 -20 0
23 8 0
86 17 0
21 19 -3 2 0
64 -13 0
70 -19 0
59 -19 0
76 -12 18 0
58 6 0
34 15 -6 15 0
27 5 20 4 0
6 -3 -5 2 0
87 -15 0
14 19 -11 -20 0
6 14 0
7 -14 0
24 3 0
69 7 0
98 11 0
36 1 0
63 5 -1 0
8 12 20 9 0
90 8 0
48 -1 0
1 14 0
79 -3 0
8 -15 0
24 -3 0
38 -6 0
77 10 0
84 -10 0
17 -10 0
4 2 0
68 -16 7 -11 0
74 20 0
95 20 0
24 -12 0
46 -14 0
21 11 0
3 20 4 -20 0
64 14 -5 0
73 -14 0
36 -6 0
49 -12 0
13 -17 0
83 -7 0
80 5 19 0
53 16 0
94 -3 4 0
62 6 0
27 -9 0
100 3 -11 -12 0
94 -14 0
45 20 0
19 15 0
100 -17 7 -1 0
82 20 7 0
30 19 18 0
75 15 0
92 11 0
62 9 0
83 -16 9 0
76 17 0
64 9 0
36 6 0
5 16 0
19 2 0
92 -13 0
4 -18 0
100 20 0
4 9 0
13 -16 0
95 -10 0
94 -15 17 0
12 19 7 -8 0
96 16 0
94 -12 0
41 7 0
80 -4 0
28 1 1 0
6 1 14 0
7 11 -12 -8 0
5 -12 0
77 -20 0
45 -15 0
10 -7 0
48 -6 -6 0
18 -8 -14 0
89 -11 1 -13 0
42 -17 10 0
19 5 0
48 -3 0
78 -8 0
13 -3 0
59 7 0
54 4 -5 18 0
99 -7 0
32 5 8 0
25 -7 5 0
38 17 7 0
41 12 0
67 1 0
79 17 -4 0
40 13 8 -7 0
27 -4 0
81 11 0
60 7 0
81 -4 0
42 16 0
11 7 0
23 19 -12 8 0
66 -11 1 11 0
65 -16 0
47 -13 0
22 5 0
59 -14 0
63 -8 -14 0
43 -1 0
6 -8 -14 0
66 -4 0
86 5 0
62 -1 0
46 -5 0
98 7 0
43 -17 0
4 9 0
71 6 0
33 -2 -9 -18 0
86 13 0
21 -14 0
2 11 0
14 8 0
77 8 0
54 -16 -16 0
21 19 0
69 11 0
27 6 17 -9 0
27 17 0
83 -3 0
31 14 0
81 14 0
2 20 13 5 0
46 -9 18 -17 0
38 -11 0
55 15 0
81 5 0
69 -13 -17 19 0
4 -11 0
75 3 8 -11 0
78 -16 0
92 -15 0
33 4 0
92 -9 0
93 17 -5 0
70 -6 0
7 -2 0
39 -3 -18 0
7 9 0
12 -11 0
36 8 0
34 14 0
39 -6 0
48 16 16 -20 0
64 -1 0
43 -4 -19 7 0
10 -2 0
11 17 0
71 -3 0
63 -6 0
77 -10 -15 20 0
89 1 -13 0
65 5 0
76 -17 -14 19 0
60 -1 0
75 -17 0
25 2 0
83 7 0
13 9 5 -8 0
36 -8 0
88 14 0
8 -12 13 -19 0
81 -17 15 0
12 -4 0
80 7 0
36 -18 11 0
98 7 4 0
72 11 -17 0
62 -1 -9 0
64 5 -19 0
15 9 -14 -18 0
84 -19 0
16 -9 -1 0
17 13 0
93 -5 0
5 -1 0
88 -3 0
46 -1 12 0
59 -5 0
69 15 -18 -3 0
20 -11 0
77 -13 0
11 6 0
55 19 0
78 20 0
23 -2 -16 0
43 5 0
40 -19 -15 0
59 16 0
75 -2 0
100 -2 0
39 9 0
68 -6 8 0
100 -18 0
78 -1 0
74 -15 0
65 -13 0
90 -14 0
65 -9 0
88 5 0
40 1 0
61 17 0
80 20 0
16 17 -10 2 0
2 -11 5 13 0
43 14 0
10 19 0
74 -5 0
73 -14 0
98 7 14 4 0
70 -20 0
85 -6 12 0
77 -2 0
55 16 0
39 -3 0
83 12 0
45 8 0
39 18 -2 0
60 -6 0
23 13 0
18 -16 0
23 10 0
74 -13 0
50 13 0
98 -6 0
36 15 0
79 -18 0
11 -8 0
61 1 0
43 -17 0
21 -4 0
69 13 0
4 3 -13 12 0
78 -17 0
73 4 0
64 -14 0
24 16 0
33 -3 0
22 12 0
86 -16 -14 0
69 -1 3 0
59 3 0
95 15 0
71 -11 0
30 18 0
21 -7 0
8 7 0
22 13 16 -11 0
45 -3 2 12 0
27 -20 -5 0
92 6 -12 14 0
63 3 0
79 16 0
98 -5 -1 0
67 8 0
86 8 0
37 11 0
86 7 0
1 -15 0
55 6 0
24 9 0
84 -6 0
52 7 0
84 8 0
59 -12 -7 5 0
1 -6 -6 0
8 -20 0
36 19 6 -15 0
31 16 0
80 -2 0
59 16 0
87 3 16 0
61 -2 -9 12 0
87 20 0
86 -19 0
18 20 0
66 -18 0
20 -4 19 0
31 14 0
72 15 0
78 8 -13 0
78 1 0
39 -20 0
80 -6 0
16 -7 6 0
64 13 0
19 4 0
51 16 0
4 10 -20 0
62 -8 -14 0
67 12 0
72 -20 0
88 -11 1 0
11 -14 0
17 -10 0
83 7 0
41 -1 0
11 2 0
45 -18 0
25 -3 11 3 0
48 -8 0
87 7 -12 12 0
42 16 -16 -18 0
60 15 0
88 -12 0
94 14 16 -14 0
71 18 0
23 19 0
3 11 0
79 13 0
99 18 0
40 -6 0
98 -17 7 -5 0
94 9 0
82 -18 0
81 6 0
10 13 0
73 14 0
59 16 0
69 -13 1 -10 0
80 3 0
37 18 0
80 7 0
100 4 0
86 18 -5 3 0
81 9 0
52 -6 18 9 0
91 6 0
86 -14 11 2 0
49 -17 0
72 -19 0
15 -2 -13 -15 0
38 20 0
52 -16 0
14 -16 0
5 -15 -20 0
95 2 0
5 -5 0
41 19 19 12 0
36 -5 0
76 10 0
99 8 0
69 2 0
28 20 11 0
51 -8 0
19 -5 -11 -20 0
56 -14 -6 -10 0
63 -20 0
37 6 0
85 16 -5 0
32 -11 0
47 5 0
81 -13 -8 13 0
3 -7 0
45 3 0
98 19 0
52 -16 0
81 18 0
53 -14 0
27 -13 0
69 -16 0
20 12 3 0
85 16 0
91 -1 7 15 0
12 3 0
8 -9 0
10 -2 0
21 -9 0
66 -15 0
10 11 -7 0
51 -13 0
36 19 0
9 2 0
74 -11 0
90 -2 -5 0
52 11 0
43 13 13 0
64 -20 0
3 -18 17 9 0
6 2 11 0
27 18 0
19 -17 0
12 -20 0
23 -4 0
72 14 4 0
59 -18 0
65 -13 0
40 -14 -13 0
5 5 0
64 6 0
35 5 0
100 6 0
22 -18 0
38 3 0
15 3 0
3 10 0
22 -2 0
70 -17 0
14 12 0
38 8 -8 0
89 13 0
21 -14 7 0
92 -6 14 0
94 16 0
16 -7 0
42 -16 0
25 -13 0
62 11 -9 -17 0
14 -14 0
97 5 0
16 16 8 -13 0
95 1 0
64 -18 -18 0
30 -3 0
60 3 0
32 1 4 0
47 9 8 0
59 -11 0
100 -5 0
1 -13 0
56 -15 0
11 15 0
1 20 11 0
58 -12 18 0
81 8 14 12 0
83 8 0
64 17 0
56 -1 0
77 -2 0
2 -3 0
60 -19 0
8 20 0
62 -18 14 -16 0
76 -6 20 0
84 -2 13 18 0
27 6 0
88 7 0
78 13 0
98 19 0
79 -20 0
57 -17 -19 -2 0
35 14 0
66 -3 0
95 18 -3 10 0
35 -1 17 0
35 2 0
65 -18 0
43 4 0
37 -16 0
69 -9 -4 0
53 12 10 8 0
43 7 0
35 -18 0
67 -11 0
86 7 0
87 14 0
10 -9 0
67 2 0
75 17 0
45 11 0
61 -14 1 -6 0
66 -12 0
2 6 0
57 -19 0
18 11 0
8 -18 -9 0
25 -3 0
81 -2 0
11 1 0
43 -12 -2 0
43 -11 -12 0
37 3 0
91 -16 0
61 8 0
54 14 0
32 5 18 -6 0
87 7 0
23 -2 0
13 1 0
10 2 -6 0
28 -17 0
17 1 0
89 5 0
50 -6 0
84 2 0
54 3 -13 -5 0
78 4 0
27 -1 0
84 -11 0
90 -9 0
83 6 0
79 17 0
5 -6 0
52 18 0
89 11 0
64 20 0
84 -4 -14 0
45 -2 -20 0
64 6 0
36 17 0
2 -10 0
26 19 0
36 12 0
28 -15 0
43 -20 0
1 1 -16 0
67 -18 0
21 -18 0
43 15 0
19 10 0
70 -4 0
20 9 0
32 -9 -12 0
40 11 0
14 -19 -4 11 0
93 -10 12 5 0
30 -10 0
34 -8 0
78 -13 0
86 -13 0
54 -16 0
87 7 8 -15 0
27 -5 13 0
33 -9 0
33 -18 0
87 -17 0
99 8 -14 12 0
80 -15 -11 0
43 17 0
68 -5 10 0
21 16 0
65 13 9 0
50 -7 9 -3 0
73 -9 0
5 11 0
98 1 0
93 1 12 17 0
96 -10 0
88 16 0
49 -10 -20 0
62 -12 -3 19 0
68 -20 0
32 9 0
39 -4 0
21 -16 0
29 -10 -2 1 0
36 20 0
60 -7 0
59 -18 2 17 0
39 19 1 0
13 -5 0
23 -5 0
85 6 0
85 17 0
72 4 0
37 12 7 18 0
69 15 0
4 -13 9 2 0
23 9 0
15 -19 0
19 1 0
42 19 0
17 -5 7 0
99 11 4 15 0
23 14 0
92 8 0
48 19 -20 2 0
82 -8 0
88 10 0
4 -6 0
8 -16 0
66 13 0
40 14 0
61 -1 0
30 -13 0
99 -16 0
98 15 0
80 -9 0
75 6 0
48 7 0
46 5 0
74 4 0
79 18 0
20 -8 0
47 -20 19 0
29 -2 -5 -17 0
99 -14 0
66 6 0
57 15 0
14 -15 0
54 -8 0
35 -16 0
93 -10 0
66 1 0
97 -12 0
52 18 -16 13 0
88 7 0
65 8 0
28 9 0
88 -19 0
85 -4 0
84 -19 0
51 -2 -8 0
38 9 0
46 9 3 0
16 15 3 -11 0
46 3 -18 0
18 18 0
45 -11 3 0
32 -9 0
77 -6 -4 1 0
54 19 0
81 20 0
63 14 0
100 13 0
57 -6 0
9 5 0
16 -20 0
62 9 0
60 -8 13 -15 0
85 -19 0
53 11 0
63 -8 0
55 15 0
69 19 -17 6 0
35 -2 0
70 -5 0
96 -16 15 0
74 6 0
56 8 0
35 8 -19 -2 0
47 -18 0
48 19 0
85 3 0
17 8 0
5 7 0
31 -9 4 -5 0
98 8 7 1 0
30 -4 -18 -10 0
59 2 1 0
53 -18 0
36 -7 0
76 7 0
33 14 0
77 -5 0
65 2 0
58 7 0
7 14 0
88 -4 2 20 0
7 -9 -8 12 0
64 -16 0
19 16 0
66 12 0
71 -4 0
100 -12 -4 17 0
68 14 4 0
27 -12 0
31 10 0
67 20 0
4 -2 0
25 3 2 0
91 13 -9 0
85 -16 0
21 -5 0
72 -3 0
44 4 0
53 -19 0
20 20 8 1 0
31 -10 0
93 17 0
23 -3 0
27 1 0
99 14 -2 0
81 8 0
40 -9 6 -8 0
42 -11 0
99 -14 0
79 -2 0
79 3 17 0
82 17 0
77 8 0
54 12 0
7 19 5 0
65 17 0
