20 2000
89 -7 -1 0
34 -10 10 -4 0
54 -13 17 0
55 -13 0
73 17 0
87 3 -4 0
29 19 0
100 -11 0
87 8 0
1 15 -9 -4 0
62 -8 0
45 11 13 0
38 11 -12 0
35 15 0
78 14 0
65 6 20 0
36 18 16 -1 0
36 -12 18 -4 0
52 15 0
98 -10 -2 0
1 -3 12 0
89 6 0
35 18 15 -13 0
7 14 -10 -4 0
14 5 -4 0
10 3 -8 0
58 6 -19 0
90 -2 -18 8 0
48 10 -6 0
53 -4 -1 -12 0
77 -16 0
69 -12 0
82 -6 2 0
52 5 0
60 -16 -1 17 0
15 20 -3 0
15 -5 0
84 -2 -6 6 0
96 -8 15 -19 0
59 13 0
10 -19 20 0
34 -10 9 0
71 16 -18 7 0
100 12 -8 0
78 -14 -11 0
32 -11 -18 0
89 2 13 0
71 -13 0
18 -13 5 0
8 13 12 -5 0
7 -11 -11 -10 0
73 -13 7 14 0
36 10 -5 4 0
42 20 -5 0
47 -18 -7 0
51 -7 4 0
27 20 1 0
83 -5 18 0
72 -19 4 12 0
33 17 -12 0
41 16 17 -20 0
63 12 1 -14 0
84 14 -12 11 0
76 -6 -3 16 0
73 11 0
80 -10 0
60 -20 9 0
98 14 -19 0
80 19 11 0
8 -1 -12 0
43 -17 0
73 -11 19 -2 0
30 18 6 0
52 -8 13 0
73 10 -12 0
32 14 -19 -9 0
81 12 -9 -15 0
22 -13 -9 20 0
36 -12 0
84 3 0
21 19 0
80 7 12 9 0
87 -18 16 0
1 4 7 18 0
5 11 0
5 -18 18 0
38 -17 7 -11 0
2 8 -19 0
17 -16 17 0
35 -12 -10 -5 0
19 -15 12 12 0
6 -1 11 0
1 -3 5 0
2 7 10 -17 0
36 -5 0
3 10 -4 0
10 -11 -3 -12 0
6 -18 17 0
68 -19 0
24 -19 10 0
17 1 -11 0
31 -16 0
9 -3 0
40 15 0
8 -8 10 -2 0
28 -13 -9 0
83 17 0
88 20 12 -7 0
24 -5 -19 0
68 5 -5 0
69 1 1 5 0
37 17 13 -17 0
66 16 8 -13 0
53 -18 0
52 14 0
96 5 2 0
18 -12 0
20 7 0
100 5 13 0
62 -4 -16 0
7 -6 0
98 -8 7 -18 0
83 -20 3 6 0
86 3 0
89 5 13 0
36 8 13 -18 0
95 -3 0
27 -20 0
77 -2 0
72 -1 -13 19 0
23 -4 0
83 17 8 0
58 7 0
5 -4 12 0
16 18 -13 -5 0
75 -17 3 -6 0
35 11 -16 0
6 14 -16 3 0
44 -16 0
41 17 -16 -13 0
26 15 0
80 8 -9 -13 0
41 11 -17 0
6 -5 13 12 0
82 9 0
20 -16 2 0
100 -1 7 0
19 -3 -1 0
67 14 3 -20 0
36 3 0
35 18 5 0
92 -11 -1 0
35 -11 -18 -12 0
16 -14 0
100 -13 0
64 13 0
16 9 0
34 13 0
74 20 14 0
56 -3 20 0
15 -2 0
91 -18 0
11 8 -18 -18 0
64 -14 -13 0
64 -6 -9 11 0
57 12 -8 14 0
52 -13 0
25 12 -12 0
24 -7 5 0
72 -20 0
72 9 -4 0
11 18 19 2 0
34 2 0
5 12 0
99 6 13 6 0
93 -12 -5 10 0
84 13 6 0
1 7 0
2 2 -20 0
32 3 4 2 0
89 16 0
7 -2 0
80 -9 20 -2 0
80 -3 17 -10 0
49 10 0
94 12 0
77 -16 -18 -19 0
79 -14 8 0
29 -20 3 0
8 -18 -15 15 0
30 -12 -15 -6 0
77 13 13 0
35 -16 0
51 -20 -16 0
13 4 -7 0
3 8 -11 0
6 19 9 0
3 17 -10 0
92 -9 0
78 8 -7 17 0
10 -19 -4 0
72 11 0
94 17 -11 0
46 -18 -12 16 0
7 -15 20 0
50 12 0
98 12 0
21 1 -15 8 0
21 14 15 0
67 -11 0
74 -12 19 -14 0
48 19 -7 -10 0
49 -5 -14 -15 0
68 -3 15 15 0
70 -16 -13 0
90 -2 5 0
38 16 20 13 0
38 -15 0
35 11 0
24 11 0
23 -16 -16 0
27 4 -11 -20 0
71 8 -3 0
62 -5 1 0
19 9 -12 0
18 12 2 15 0
71 -4 0
75 13 -13 0
15 11 19 0
54 5 -12 0
75 16 15 18 0
91 -18 11 0
35 15 18 0
12 11 0
16 10 -13 -11 0
90 -18 0
52 -17 0
99 18 0
85 6 0
74 -6 0
45 5 0
33 -18 -10 -9 0
12 -11 0
63 -17 -19 0
26 11 -1 -11 0
49 -15 1 0
69 8 0
63 -15 0
90 13 0
7 11 12 3 0
32 6 0
35 11 -12 0
21 -9 4 -20 0
91 10 2 0
86 20 15 -19 0
76 9 -9 1 0
39 13 0
7 5 -16 -10 0
73 -13 17 -6 0
85 -5 10 0
65 1 -19 0
77 -18 0
80 3 -17 0
82 17 -11 -10 0
91 17 -4 -3 0
8 -3 0
84 4 -20 10 0
53 -17 0
11 -4 -1 0
29 15 4 6 0
98 -17 14 -9 0
15 16 0
93 17 -11 0
100 -16 0
38 -3 -5 0
97 19 -2 0
87 18 -7 0
98 -7 -7 -14 0
87 11 -3 -17 0
55 17 19 0
72 -13 0
65 -16 -11 -6 0
56 16 0
65 -1 12 0
19 -10 0
80 18 19 -16 0
34 1 8 0
93 4 10 0
82 -6 -9 0
21 5 -2 5 0
28 -2 12 0
66 15 0
53 -16 -10 12 0
87 2 17 0
23 -20 0
43 9 20 12 0
73 15 13 0
11 10 -11 -3 0
13 11 17 -7 0
22 -15 20 14 0
75 2 8 0
94 8 -19 -15 0
63 -11 -1 0
63 -12 1 -1 0
41 -8 0
92 -20 0
79 14 0
85 -14 16 0
79 -19 20 14 0
57 -9 0
9 14 0
74 10 11 19 0
5 18 -7 18 0
34 -12 0
77 -6 -19 -5 0
51 7 -4 3 0
2 -10 0
52 12 0
9 -19 -16 0
9 10 0
79 -2 0
69 9 19 0
18 5 -7 -12 0
66 11 17 0
5 -1 0
31 -6 0
68 -6 0
45 -16 -15 0
68 15 12 9 0
70 -19 -2 0
73 5 7 -7 0
42 6 10 -4 0
4 -2 -15 0
23 2 0
85 14 0
8 18 0
19 -16 -12 0
67 1 3 0
91 -7 10 17 0
4 -17 3 0
77 -9 -15 0
34 -7 10 0
34 -8 0
25 11 10 0
55 -2 18 0
71 -1 15 9 0
39 15 4 -18 0
25 7 -6 19 0
1 -13 0
14 -8 0
40 18 0
6 19 0
34 2 10 16 0
93 4 -15 0
95 -10 0
60 -20 4 0
24 -20 -1 -19 0
66 -18 -19 0
60 14 -9 0
10 20 -5 -7 0
98 6 0
53 17 9 -13 0
61 3 -2 0
60 -16 2 16 0
18 15 0
14 -14 -6 20 0
65 2 0
57 9 0
93 -2 7 0
37 3 6 0
92 19 0
70 -19 3 -15 0
1 16 4 0
37 8 7 0
18 -2 0
24 -3 -5 -3 0
65 13 3 -4 0
22 17 -14 0
7 10 0
29 9 -20 0
48 13 -17 0
89 7 -7 0
18 -17 0
55 2 0
55 -6 0
62 -16 -14 20 0
18 4 -12 -6 0
95 -11 -6 0
24 14 -12 -6 0
43 5 -11 0
98 11 -2 0
53 5 13 0
75 -13 9 -8 0
73 -3 0
26 -14 9 8 0
21 2 -11 9 0
78 6 -8 -13 0
47 8 6 20 0
5 16 -17 0
63 -8 9 0
66 -6 -15 6 0
70 -5 19 0
32 1 5 12 0
30 4 -11 0
93 -2 12 18 0
73 -6 -8 18 0
79 -19 0
28 5 -12 0
63 -7 -14 0
67 2 10 0
36 -6 -6 0
96 9 7 17 0
76 3 0
60 8 0
87 2 3 -15 0
35 1 0
6 -17 6 8 0
80 9 -9 19 0
83 20 17 -18 0
43 -9 -4 -2 0
17 -17 -13 -12 0
40 -7 -12 0
35 -10 17 10 0
38 16 -2 1 0
14 -2 16 0
17 5 0
86 -7 0
2 12 -14 0
19 -11 15 17 0
93 17 -9 12 0
8 -6 4 -13 0
30 20 -3 0
79 -10 0
81 -12 -7 15 0
36 -9 11 8 0
21 8 -19 -14 0
20 -3 10 1 0
7 6 0
88 -15 -11 0
62 10 19 0
23 -7 -5 0
55 6 0
15 -7 -9 0
5 2 0
75 1 -11 0
57 -12 -7 0
99 -1 13 0
48 1 0
22 9 0
72 -19 -9 0
82 -5 -20 2 0
58 -2 -8 0
89 -6 0
11 -17 -13 0
56 -2 10 0
82 -17 0
41 -14 0
4 -14 0
69 8 -20 0
35 19 5 0
86 -20 0
84 -19 -19 0
13 12 -17 6 0
16 19 -10 -8 0
8 4 -3 -11 0
32 13 15 0
10 1 -9 0
48 -17 -3 0
67 2 16 16 0
31 1 18 -1 0
84 20 1 0
47 13 10 15 0
60 -4 11 0
69 -8 12 -2 0
75 12 0
83 -12 0
67 19 0
47 -18 -1 5 0
6 -12 -19 2 0
15 12 13 0
86 -13 3 5 0
92 15 0
11 19 11 7 0
31 -9 0
23 13 3 0
84 -17 12 0
90 16 -1 0
82 6 -6 0
33 -11 -18 0
38 6 0
72 -3 -13 -1 0
30 -16 0
25 19 19 0
43 9 -1 -16 0
76 17 6 10 0
10 -18 -7 0
19 16 0
45 14 0
16 -9 0
42 19 15 19 0
83 -3 -13 -12 0
87 18 0
50 11 4 5 0
80 -11 3 0
85 -3 0
76 1 -6 14 0
74 18 3 0
73 3 0
43 -17 0
100 4 17 17 0
23 -18 20 -10 0
52 -18 5 0
13 18 -8 0
79 10 12 0
72 -10 -13 10 0
4 -11 15 0
99 3 -1 11 0
97 8 0
12 -8 20 4 0
76 4 -17 13 0
93 11 -9 0
35 -2 -18 5 0
100 -4 -5 -20 0
32 2 7 0
10 20 -18 17 0
71 16 19 -14 0
84 -20 0
78 -8 10 0
20 -20 -2 0
18 10 19 0
20 -2 -16 0
44 5 -17 -9 0
4 -17 -9 0
83 -5 0
55 -16 3 0
68 -1 0
73 7 2 0
7 15 -17 0
22 -11 -2 0
64 1 15 0
38 15 0
70 -16 -13 5 0
63 7 10 0
74 -10 0
81 7 0
84 11 0
20 -5 -13 0
9 -8 -6 0
23 -20 3 -20 0
56 15 14 0
40 6 -11 0
77 4 13 -9 0
74 -20 0
33 17 10 14 0
90 -15 19 4 0
53 -2 0
85 -9 -13 7 0
11 20 -18 11 0
90 -18 13 0
63 -5 -9 0
66 13 0
55 -15 6 0
5 -14 14 0
51 16 0
48 -20 17 2 0
62 17 0
87 -11 5 0
2 -13 9 0
7 -15 0
88 7 1 0
30 14 0
33 -3 5 0
2 2 12 0
38 -10 -8 0
9 19 7 0
11 7 11 0
79 13 10 0
64 -11 -20 14 0
32 -12 -9 -16 0
16 -10 0
47 8 0
15 17 8 19 0
16 -5 -13 2 0
73 -4 -20 0
15 -8 0
98 14 -8 0
60 6 6 0
99 -19 -9 -8 0
65 9 7 0
79 6 0
7 -18 0
32 9 0
35 -6 14 13 0
84 5 4 0
13 9 5 0
98 -9 -8 -16 0
54 8 2 0
69 -8 0
30 12 0
12 4 -14 0
67 -15 -20 0
60 13 -12 0
1 -12 0
25 13 1 0
26 -16 10 15 0
84 1 0
48 -8 0
83 11 -15 -11 0
98 1 -6 -14 0
50 16 16 -14 0
10 19 20 -15 0
16 -8 7 -14 0
40 -1 7 0
1 10 0
69 -12 -1 -20 0
49 18 15 -14 0
62 1 20 -18 0
50 -10 0
88 18 2 15 0
66 8 0
52 3 1 -3 0
20 8 0
64 10 0
49 2 -12 0
90 -2 -10 8 0
94 11 0
28 7 11 4 0
67 9 11 -14 0
5 -14 0
3 -15 0
6 5 13 0
8 -10 0
34 10 -10 0
76 -8 0
34 -14 -1 14 0
72 -2 -12 0
24 5 -4 0
84 -7 -10 0
55 14 0
35 -5 -5 0
34 -8 19 15 0
80 11 -10 11 0
8 15 -12 0
38 -3 0
23 18 -18 4 0
40 -7 19 9 0
90 -9 -20 4 0
84 -18 -15 0
12 -2 -18 -20 0
8 -20 -19 16 0
2 11 -18 0
6 18 0
72 -14 0
30 -18 0
20 -1 4 11 0
28 -4 0
68 -19 0
76 -1 -19 17 0
80 12 -12 0
24 5 13 0
5 15 5 9 0
49 -8 4 17 0
23 20 8 16 0
6 1 -7 0
22 -14 -4 -16 0
35 -6 13 3 0
50 -4 0
91 1 0
48 7 8 0
45 -3 -11 -11 0
21 -1 9 0
74 18 0
57 -17 -12 -16 0
24 18 -12 10 0
95 7 0
18 -11 -14 -5 0
27 6 -14 -8 0
28 -15 0
39 15 2 0
93 6 0
45 -20 0
48 10 7 -9 0
11 -16 0
17 10 -4 20 0
5 -20 0
33 20 0
88 -9 0
30 -19 0
25 1 11 0
18 -19 0
85 8 -9 15 0
86 14 4 0
62 -18 20 0
84 -2 0
39 14 0
81 1 0
38 7 12 0
70 -5 -20 7 0
25 18 0
5 2 -9 7 0
40 1 10 0
76 12 -2 0
92 -10 -8 1 0
97 -7 16 0
61 14 0
95 -16 18 -1 0
37 10 15 -2 0
7 14 0
74 13 14 8 0
80 1 16 -17 0
3 -17 0
95 -12 0
3 -15 18 0
75 -19 -20 0
99 1 15 0
15 -19 -15 0
50 15 -18 0
14 -5 17 0
25 17 -1 0
98 -5 9 0
33 -17 -16 -11 0
76 -6 -20 0
78 15 1 -7 0
29 11 -20 0
64 6 -14 0
77 14 4 0
75 -15 2 -2 0
100 -4 6 0
77 -1 0
70 -9 0
58 -15 6 3 0
25 -8 -6 0
49 -12 0
16 15 0
20 3 -19 0
72 15 7 0
68 15 4 0
59 -19 0
72 9 0
5 8 0
50 11 -10 -15 0
1 15 -19 -10 0
62 -16 0
38 -18 8 3 0
57 3 -11 2 0
95 2 7 0
77 -6 0
53 -19 0
18 2 0
72 5 -19 0
20 16 6 -14 0
67 1 4 0
8 -5 -20 -9 0
57 -19 19 0
72 5 -11 0
20 -16 -6 0
13 8 12 16 0
60 1 -13 0
99 16 -18 1 0
99 8 14 0
18 14 -6 5 0
60 9 0
57 12 11 0
56 12 0
91 4 0
40 16 -10 0
99 3 14 3 0
32 18 17 -3 0
44 4 -7 12 0
25 7 -11 0
26 -5 11 -6 0
51 -20 9 16 0
52 17 -2 0
85 5 0
60 -9 0
10 -1 18 18 0
75 -7 0
61 -12 0
28 -6 0
91 7 -6 0
1 -13 0
62 5 10 -3 0
72 -7 11 0
34 17 13 -12 0
11 7 0
24 -5 -5 0
28 16 -2 9 0
93 -12 12 0
49 -3 17 0
99 5 0
57 11 -20 -16 0
100 -6 -9 0
83 -13 4 7 0
64 10 0
66 -19 -9 -20 0
100 -1 0
90 -10 -9 0
48 -14 6 0
3 -18 0
12 -19 17 0
6 4 -15 2 0
87 -10 -4 16 0
19 4 -18 0
33 -12 -12 0
79 -8 -10 19 0
96 -14 -8 0
38 17 16 9 0
68 3 0
72 7 -8 0
1 9 7 0
36 -7 0
17 8 -16 0
100 -10 13 0
29 -15 0
50 -14 0
4 -3 -15 7 0
6 7 -5 -7 0
15 -13 0
83 20 0
33 -5 18 0
90 -20 0
84 -4 0
55 20 2 3 0
85 18 0
48 7 -9 13 0
2 -3 -1 0
99 -6 0
49 6 -13 -7 0
31 5 0
19 4 0
88 15 0
81 -8 -8 -4 0
58 -14 3 -17 0
63 -8 -13 0
49 -8 5 9 0
97 7 0
83 8 0
31 20 3 0
49 -16 2 2 0
96 4 0
17 -14 20 9 0
55 5 0
79 9 0
59 10 -2 4 0
59 12 0
32 -8 -12 -19 0
74 11 3 -8 0
24 17 0
58 -13 0
39 -7 -14 0
60 16 7 0
77 12 7 -13 0
44 -17 -8 -20 0
55 -15 6 0
93 -13 0
35 -2 -11 -7 0
88 3 8 0
100 12 0
63 -11 -19 -3 0
70 14 3 0
37 4 18 0
38 -15 7 8 0
68 -15 -16 -14 0
89 3 20 -7 0
86 6 0
56 18 -8 0
80 1 8 14 0
69 -2 10 14 0
24 -15 0
94 20 0
25 5 -17 0
11 -6 -1 17 0
96 -17 -16 9 0
53 2 5 0
52 7 10 -10 0
24 -1 0
25 -17 -16 15 0
83 -10 0
34 9 0
79 14 -4 0
45 -2 0
67 -14 -5 0
57 -15 -10 0
66 -16 3 17 0
40 4 0
59 10 0
69 11 0
64 5 0
38 -4 -15 0
33 -7 3 0
98 3 -18 18 0
52 -9 0
74 -15 -10 -3 0
26 -12 6 12 0
88 1 -13 -11 0
24 -1 7 0
81 -14 0
64 -12 0
27 -14 0
25 -15 0
18 1 5 -12 0
55 11 1 9 0
95 -11 0
64 -4 20 3 0
63 14 -3 -7 0
100 17 19 -14 0
60 -4 0
85 -17 0
59 -13 6 -5 0
78 -19 0
74 -3 0
68 18 0
61 6 11 0
75 -17 0
20 -8 4 0
46 14 0
98 -4 -11 0
14 -9 -7 0
93 2 0
46 -5 0
20 17 0
26 18 4 0
2 -3 4 15 0
98 -2 -12 0
17 12 13 0
69 -4 -16 0
60 -5 -1 0
89 4 11 8 0
66 -12 0
97 -18 -19 -18 0
53 7 -7 -16 0
86 1 -1 0
97 2 16 0
77 20 0
43 -13 -9 0
73 10 -12 -13 0
87 13 -8 15 0
4 -11 -4 0
90 -9 9 0
2 20 0
12 -3 0
10 4 -8 0
36 16 0
44 -14 16 0
44 -16 0
20 7 -3 0
91 1 -7 0
44 -19 -8 18 0
44 -17 0
43 7 3 19 0
20 2 9 0
47 -18 0
20 2 12 6 0
12 -17 9 -5 0
74 -18 0
61 14 0
6 17 19 0
59 -17 0
87 -18 0
3 -6 -19 2 0
29 -10 5 -14 0
25 16 0
60 14 3 13 0
54 11 -10 -2 0
65 -13 16 0
45 19 -2 0
53 -15 0
2 10 0
65 -11 -11 20 0
38 6 18 0
38 20 -9 7 0
10 -20 18 0
44 -7 -6 0
82 19 -3 0
28 12 -20 -8 0
32 20 0
46 -19 -12 -19 0
3 6 8 0
35 -11 17 0
96 7 6 20 0
84 6 0
56 -19 -9 -7 0
83 18 0
32 -20 10 14 0
33 -1 17 0
100 16 -19 0
9 -13 0
7 -7 -18 -13 0
43 -20 11 14 0
30 -10 0
53 13 -19 -20 0
45 -13 -15 -10 0
46 -3 6 0
94 2 -7 -3 0
36 -19 0
93 15 0
1 -5 0
75 11 16 0
40 3 -13 0
11 1 -7 -5 0
39 4 0
81 18 0
43 -9 0
46 19 8 0
48 20 0
34 -4 0
16 16 7 0
63 17 -18 -6 0
3 6 18 5 0
96 -17 7 10 0
36 18 0
39 4 9 0
99 3 0
87 6 0
31 6 11 -12 0
48 -1 -2 3 0
23 -11 0
25 -9 -4 11 0
33 18 -4 0
77 11 0
18 -5 11 0
52 18 0
7 -9 0
76 -17 0
2 10 -6 -7 0
36 -20 6 0
93 6 -15 6 0
47 -10 12 -8 0
26 -19 17 -13 0
28 10 -5 0
5 -20 -9 -11 0
46 20 7 0
11 10 -15 0
35 -5 18 0
95 3 -11 0
36 -10 -17 -15 0
17 8 0
40 6 -5 11 0
51 8 17 -16 0
15 -10 -11 19 0
39 17 15 0
63 -13 -20 7 0
31 -19 -15 -15 0
79 20 16 0
65 14 -14 -19 0
99 10 0
10 -3 20 0
56 -17 0
96 20 0
96 -18 0
52 -12 -8 0
64 -1 16 -9 0
6 1 -20 8 0
34 4 7 13 0
32 -6 19 0
64 11 0
90 -3 0
95 -16 0
70 12 6 0
40 1 20 0
35 15 14 0
37 -8 -18 0
82 -13 -12 0
50 9 0
20 18 0
31 -14 -8 0
5 13 0
63 -18 20 0
16 14 -5 0
28 7 -15 0
8 4 19 -2 0
14 17 -9 0
95 3 8 0
8 2 18 0
24 15 20 -13 0
99 3 -20 0
93 9 -5 -15 0
68 -19 0
15 -13 0
56 10 0
86 -17 0
78 15 0
56 -8 -7 0
18 13 12 -7 0
94 13 0
32 -5 -1 0
43 2 14 0
24 20 -15 0
92 -20 -1 -14 0
13 17 0
78 -9 12 0
74 -19 -11 -7 0
49 11 0
95 -15 9 7 0
71 2 0
63 -15 4 0
30 -12 -8 0
72 8 0
36 -4 18 0
72 -19 14 0
26 11 -15 -18 0
40 15 -15 0
90 -20 -7 11 0
2 8 -14 0
38 -16 6 19 0
22 -8 1 -19 0
38 13 3 7 0
56 -12 -5 -1 0
66 19 0
2 11 15 0
96 11 0
73 10 0
16 -7 0
27 2 0
67 3 1 0
60 2 14 0
44 -5 -8 -12 0
43 -19 -4 0
3 1 11 0
71 -3 0
18 -8 -1 0
4 -5 18 20 0
76 17 6 0
64 16 6 11 0
73 20 13 0
99 4 -2 -4 0
11 -11 5 -9 0
30 12 0
67 10 20 0
42 19 19 0
23 -3 20 0
89 8 -3 -18 0
42 6 0
44 -1 0
4 -16 12 0
100 -13 19 0
100 -15 5 14 0
1 -6 -9 0
21 -6 15 -9 0
82 11 8 -2 0
53 -4 13 3 0
66 4 -10 12 0
85 1 17 18 0
7 -10 3 18 0
91 -19 17 8 0
84 20 -2 -19 0
98 3 0
18 9 7 1 0
62 11 0
50 4 0
95 -7 -15 -3 0
31 2 13 0
53 16 0
28 3 4 0
90 -4 5 16 0
5 -19 3 0
21 15 -8 10 0
53 -20 -12 0
25 3 17 -12 0
83 -1 -13 0
58 -2 -10 -13 0
20 18 -15 0
4 -13 -4 0
41 -18 14 -17 0
3 18 0
33 -1 16 -7 0
1 -12 11 -3 0
15 -4 -17 -12 0
79 18 15 -15 0
72 16 0
17 -14 8 16 0
64 6 0
26 9 -12 3 0
8 -3 0
77 -11 8 -14 0
27 -7 11 13 0
61 9 19 0
78 -15 0
19 13 15 0
90 -18 -9 0
43 9 -7 -10 0
8 18 19 0
44 12 -18 0
30 -2 9 5 0
41 4 -20 -13 0
68 11 0
68 -5 6 -8 0
84 -5 0
70 5 -16 -19 0
31 11 12 19 0
69 4 10 6 0
76 -20 4 0
66 19 1 0
25 10 0
66 16 -2 0
95 -16 0
66 -17 5 -6 0
48 11 -19 0
55 6 9 -13 0
70 -9 7 0
34 17 0
31 -14 -17 3 0
59 17 -4 6 0
54 -15 -2 0
65 15 6 0
93 -13 0
49 -1 0
32 10 0
59 1 0
59 -19 14 6 0
71 8 14 15 0
67 -6 -2 -8 0
43 -9 0
52 6 8 6 0
91 19 5 0
1 -11 20 20 0
97 5 0
2 10 0
84 17 0
2 1 -16 2 0
99 17 -3 16 0
61 7 0
11 18 -2 7 0
66 -6 -20 0
93 5 -3 0
7 20 0
76 -13 -1 3 0
94 14 -9 0
18 10 0
34 3 -14 0
4 -10 -4 -3 0
16 8 0
1 -20 0
94 6 -20 -4 0
75 2 6 -4 0
62 -10 -10 -19 0
76 -5 0
74 -12 0
4 18 0
15 -12 0
1 -1 -11 0
4 13 -1 6 0
75 -1 -12 0
79 12 15 0
2 -1 14 20 0
100 12 0
45 -4 3 0
16 18 0
39 -13 -18 0
86 -7 0
7 -16 3 8 0
63 -17 8 0
92 -15 0
76 13 0
33 -12 0
51 7 -11 0
51 -5 17 0
11 19 0
71 3 -16 9 0
89 -11 -2 20 0
88 -16 0
10 7 3 7 0
89 20 -3 0
69 -20 -7 -12 0
69 18 0
44 -2 -18 0
99 -6 13 0
26 5 14 15 0
41 -13 -3 0
12 19 0
11 18 -15 -18 0
72 2 -5 9 0
20 20 0
93 7 -6 0
26 2 4 14 0
11 18 -18 17 0
10 7 -15 -1 0
32 8 0
40 -11 13 0
92 5 3 19 0
99 -20 -3 -19 0
96 1 2 4 0
12 3 13 0
13 10 1 18 0
42 16 -12 0
95 -7 0
10 -17 -18 14 0
13 15 -20 -8 0
9 1 -4 14 0
12 17 0
59 16 -7 -8 0
13 -9 15 0
22 13 -15 0
7 -5 -16 0
27 8 0
14 -14 -8 0
100 19 4 -14 0
53 9 -17 0
28 14 0
29 19 0
59 6 11 0
93 12 -8 -20 0
55 14 11 0
13 9 0
83 10 -16 18 0
44 -6 -20 0
99 16 0
38 17 0
32 12 -6 0
90 3 0
83 -1 4 0
28 -2 -5 -10 0
68 -13 0
76 2 17 -8 0
84 -15 0
1 3 -19 -19 0
53 13 -20 0
59 12 -2 -17 0
87 -19 -3 0
35 19 -12 0
31 7 -19 3 0
3 -2 0
62 7 0
36 6 9 7 0
70 10 18 0
57 -11 15 18 0
21 -6 -15 -1 0
55 -15 4 -1 0
44 -12 9 1 0
73 -17 10 3 0
98 -9 -8 0
55 -18 0
2 -16 -5 1 0
27 8 2 15 0
81 -4 0
2 6 0
91 6 0
21 15 -7 0
82 17 -17 0
33 -9 7 -8 0
17 19 0
74 -4 11 0
20 12 -12 0
70 7 0
26 -12 -11 0
19 5 0
94 -17 -18 3 0
92 10 20 18 0
2 11 0
9 -19 -15 0
89 -13 0
51 18 0
94 15 0
55 4 0
15 19 1 0
1 -14 13 0
45 -12 -19 0
29 -8 0
79 -2 -13 19 0
72 -14 0
49 -3 0
73 -7 15 0
15 -20 -9 0
76 14 0
38 19 -3 -12 0
88 20 7 0
11 -7 -2 0
58 -9 -11 0
21 -20 3 7 0
27 -20 9 0
67 1 -12 3 0
4 7 0
51 -8 2 0
22 -9 0
75 8 -2 20 0
36 8 0
23 -11 -1 -19 0
65 -16 -2 4 0
10 -7 0
81 4 -16 -4 0
79 -14 0
49 15 -18 0
81 20 -17 0
13 -12 -18 9 0
1 20 -9 -15 0
36 -13 0
71 2 11 0
76 1 0
25 -13 0
42 8 -3 0
36 7 0
60 6 14 0
33 5 -4 0
66 14 -11 0
12 1 0
8 -19 7 -9 0
30 2 0
95 -14 -17 0
38 -12 -5 -12 0
14 -10 12 0
32 -17 -6 0
34 1 0
55 20 -3 -9 0
82 -13 -19 0
35 -3 -4 -7 0
35 -7 14 0
76 10 3 -20 0
4 -13 8 2 0
66 -2 -16 0
9 16 -1 0
7 -4 -5 0
86 -4 0
30 -14 0
97 1 12 0
52 16 -10 0
81 -8 -19 20 0
5 16 -14 0
57 1 3 0
8 3 -4 0
90 4 4 0
3 17 -6 2 0
2 -16 4 0
37 -9 19 0
22 -15 3 0
39 19 0
19 -12 0
85 17 20 0
87 -2 15 0
70 15 17 -13 0
13 -2 4 2 0
76 17 13 0
95 18 0
45 -8 0
86 10 -8 0
55 1 -15 -13 0
4 10 0
8 6 0
3 -3 -1 20 0
29 7 0
38 14 8 -20 0
34 3 18 0
84 -5 0
83 -11 4 5 0
45 -9 -19 0
97 16 5 -14 0
7 -16 -20 4 0
20 7 -14 -16 0
68 16 0
59 6 0
94 11 13 -17 0
45 -17 -20 -19 0
35 -19 0
9 -1 -3 10 0
74 3 10 0
70 4 9 0
10 14 0
38 -2 -17 0
87 -12 -8 11 0
65 17 16 -13 0
12 11 20 -18 0
68 19 18 -18 0
98 -17 0
57 13 8 -7 0
23 14 -7 -14 0
47 9 -18 14 0
77 -4 15 0
81 -5 -4 0
29 -5 0
46 13 -13 0
12 -19 0
20 17 16 0
22 18 -16 -11 0
91 -11 0
96 -3 -5 0
97 19 -12 0
36 20 -14 -16 0
46 3 -14 0
29 -8 -11 7 0
1 5 0
27 -11 0
27 -8 11 0
42 19 12 3 0
68 17 0
14 20 0
12 -17 -19 0
3 -9 -8 0
9 -15 0
36 20 0
6 5 -19 0
38 -15 -17 9 0
24 10 -5 -4 0
72 -5 2 -9 0
71 18 -19 0
60 -2 13 14 0
72 18 0
69 -16 -15 -19 0
73 -2 -8 -11 0
41 16 -6 6 0
55 19 -2 9 0
39 8 0
58 11 0
72 -20 -2 -14 0
62 -17 15 0
95 1 0
80 -14 14 0
94 -16 0
22 -5 0
73 -19 0
97 -2 0
16 4 9 -7 0
60 9 0
22 15 7 12 0
82 6 -3 13 0
91 19 -16 -17 0
49 -14 0
84 14 0
25 9 14 -19 0
4 5 -16 0
19 2 -9 0
44 11 -5 0
4 16 -18 15 0
85 1 5 0
25 -14 0
59 -4 -17 0
2 -9 0
40 10 8 0
82 8 -2 -8 0
52 2 5 14 0
41 -10 -16 -20 0
14 7 0
14 -20 -3 -6 0
82 1 18 20 0
27 -15 -20 0
67 18 -19 2 0
11 -9 -13 20 0
19 13 -2 6 0
53 5 0
15 10 0
40 -4 11 0
46 -5 -18 0
95 13 12 0
10 -1 19 12 0
37 -1 10 0
12 -4 3 0
69 11 -14 20 0
9 -18 -20 -15 0
35 -9 19 0
72 -15 0
38 1 18 -17 0
84 6 -8 -19 0
12 16 0
90 15 0
32 15 -9 -4 0
15 6 -2 -6 0
24 1 19 0
75 6 0
31 -8 1 0
39 -17 -10 7 0
4 1 0
51 12 9 8 0
51 17 15 0
49 -1 0
38 10 11 -20 0
61 19 20 12 0
14 -4 18 -17 0
96 17 19 -4 0
16 3 0
32 -15 -13 0
58 -9 9 0
19 6 -8 0
88 -10 12 0
95 -13 -8 3 0
39 -12 0
33 1 0
82 -10 0
1 -2 1 -16 0
84 7 -8 4 0
83 15 14 -8 0
85 19 14 -19 0
92 -12 -19 0
94 17 -17 11 0
56 12 -2 0
51 4 -6 20 0
91 -1 -7 13 0
38 -14 -6 0
47 -10 3 0
27 -14 -19 0
61 18 11 0
28 -6 -8 0
69 17 13 -16 0
18 -10 13 0
19 7 20 15 0
47 15 9 0
9 -2 -9 -12 0
96 20 0
61 14 -15 14 0
18 -1 15 0
94 12 1 -7 0
67 -2 5 5 0
27 -13 -2 0
13 -1 0
52 -20 -12 0
34 7 0
71 12 0
59 -13 16 0
44 20 0
96 -5 0
3 -3 -12 9 0
30 -8 11 10 0
38 18 0
96 -19 -14 0
75 -3 0
95 8 -13 17 0
41 8 -7 0
49 1 -9 -1 0
55 -18 0
17 -15 5 -5 0
97 -18 15 0
16 9 -12 -20 0
57 -20 0
86 -1 0
98 -2 0
23 -10 10 0
59 -12 -19 9 0
40 15 19 -3 0
41 5 18 0
30 -4 -20 14 0
11 -11 -6 -12 0
13 5 0
68 -11 0
66 2 0
60 -8 10 -6 0
76 10 4 17 0
94 -20 -8 0
38 -19 7 0
48 -16 0
75 2 10 0
100 -12 -4 0
88 -16 -5 0
69 -16 0
4 -8 0
69 -13 -18 -19 0
90 4 0
3 -20 0
31 -20 -3 11 0
86 -5 0
60 17 -8 6 0
76 -16 13 5 0
44 16 19 0
25 -18 -16 -4 0
7 13 0
92 10 -12 -18 0
33 1 0
41 8 4 0
47 18 0
16 -8 6 8 0
11 8 0
93 -12 2 12 0
52 17 0
2 -17 -1 -18 0
41 -12 -18 14 0
29 -14 -2 4 0
59 6 -15 -8 0
99 3 0
51 -14 12 0
85 -11 -16 0
84 8 0
99 -7 0
68 -19 -20 19 0
29 -6 5 -4 0
79 -4 17 0
15 11 0
100 -10 0
23 17 -15 -16 0
8 -2 14 0
36 -9 -5 -10 0
76 7 4 11 0
68 -16 -20 -13 0
34 -10 -6 12 0
46 20 -19 0
13 -6 -1 0
44 15 6 0
92 2 11 -4 0
80 -3 -17 -7 0
75 4 0
3 9 -6 15 0
17 -5 14 -7 0
12 16 0
12 -1 -1 0
89 -18 11 0
45 11 -9 -18 0
54 6 -17 -20 0
84 -15 18 0
53 8 0
7 -6 8 -12 0
96 -3 -5 0
3 -18 -7 0
93 -9 -16 -19 0
64 -10 -13 0
66 -20 0
51 8 -14 0
26 -11 20 0
8 -11 20 0
31 -10 17 10 0
59 20 5 0
41 17 2 5 0
79 10 4 -9 0
68 -2 0
90 -5 0
17 16 0
8 1 -7 8 0
88 11 -18 -7 0
19 -10 -17 -9 0
6 -16 0
61 -3 4 0
74 -9 3 0
9 13 1 0
21 6 -15 -5 0
68 -20 8 -11 0
16 9 0
25 -17 5 0
69 3 0
98 -3 -8 0
95 6 4 19 0
63 -10 -12 -7 0
1 2 2 0
92 -6 -16 -9 0
12 16 -18 -15 0
99 -6 -20 3 0
48 -12 -19 0
19 5 -11 3 0
21 -9 0
36 15 -4 3 0
41 13 19 0
22 13 -14 0
19 6 4 -3 0
74 -15 0
18 14 2 0
96 13 0
71 19 -16 -5 0
62 -9 0
10 -2 0
34 -1 0
90 -14 9 18 0
85 -7 -7 16 0
63 -15 3 16 0
13 4 0
26 -7 0
38 9 0
85 -6 5 12 0
43 14 0
89 -6 10 0
60 2 0
2 -10 3 0
69 -1 -6 0
96 -5 -18 -7 0
91 -15 0
45 -3 0
56 -14 -1 1 0
100 -5 -3 11 0
33 -11 -10 -13 0
17 16 -7 13 0
54 20 -16 0
42 16 8 0
11 18 0
55 -12 17 2 0
24 10 -5 0
99 8 0
71 12 0
55 -13 18 0
30 16 0
78 20 16 0
27 11 3 10 0
58 -16 0
16 1 0
92 -12 15 0
31 -20 -7 -6 0
95 -18 16 0
70 5 0
44 -4 13 10 0
17 -14 0
35 -1 5 15 0
96 -20 9 0
44 11 3 0
64 -5 -9 2 0
86 11 0
73 -19 0
22 -12 0
72 16 -1 0
8 -11 -8 0
65 -17 0
47 -15 14 3 0
23 -19 -12 0
55 10 1 -11 0
60 19 -20 0
94 16 18 0
57 1 0
40 -10 0
29 4 -9 0
100 -18 0
46 8 4 6 0
53 -18 0
14 -8 12 -11 0
20 18 -7 -10 0
2 12 18 0
77 -20 -18 0
69 1 0
30 -3 18 -19 0
68 -10 0
50 19 3 -11 0
99 3 4 0
20 20 0
72 15 10 0
3 -17 -4 0
8 13 7 10 0
13 -17 10 4 0
5 15 0
93 13 0
63 6 0
53 -15 14 0
59 -13 0
28 -9 0
85 -5 12 -19 0
8 14 0
30 -6 14 0
47 -12 -20 0
81 -8 0
75 2 9 13 0
73 -9 0
62 -8 5 0
58 -11 0
72 -7 19 12 0
62 -11 15 0
26 -12 0
43 11 3 -9 0
32 14 4 -1 0
57 10 -17 18 0
22 -4 0
1 6 0
38 -12 -11 0
64 13 0
49 -16 20 -11 0
46 9 -3 15 0
6 18 -4 0
90 4 0
79 -11 -3 0
14 16 10 -11 0
65 10 -10 13 0
67 -5 -4 0
77 14 -4 0
44 -14 20 -4 0
72 10 -18 9 0
94 -5 0
9 -15 0
88 -10 11 0
66 -18 -1 0
42 -5 -16 0
40 2 9 0
32 -8 5 16 0
12 -10 -10 -5 0
97 -2 0
76 -3 14 0
97 -19 5 0
19 -16 0
83 -10 0
25 18 -11 -4 0
19 9 5 0
22 10 -1 0
59 10 0
35 14 0
49 -9 17 0
85 -5 0
82 17 1 0
18 -16 0
99 2 -1 17 0
7 -19 8 0
17 -2 7 2 0
37 -1 -13 0
5 13 -19 10 0
68 20 0
47 -2 8 0
62 14 -3 0
69 -11 12 0
35 11 0
59 12 -18 0
33 -7 0
94 -1 -1 0
5 8 -17 -7 0
44 20 -15 -1 0
45 -14 7 0
35 13 6 0
72 -6 15 7 0
82 -10 12 0
70 5 0
43 -5 18 0
12 7 -17 0
55 -12 -8 0
88 -9 0
19 -7 12 -3 0
69 -14 5 0
19 -19 -6 5 0
92 -4 16 -10 0
11 -6 1 0
77 19 12 11 0
10 -5 4 0
88 20 10 -9 0
64 6 -18 0
75 -16 0
85 -12 0
48 -11 0
18 3 3 1 0
14 17 -3 0
41 4 12 0
77 16 -15 0
96 -3 17 20 0
89 13 -7 14 0
3 -20 10 15 0
85 10 0
30 -9 -12 15 0
6 17 0
34 18 -13 0
24 1 2 0
88 -2 2 0
69 -18 -13 0
38 4 6 0
86 -11 0
24 -11 16 0
37 -12 0
32 10 0
68 7 0
88 -14 19 -3 0
88 -4 0
45 -5 9 0
31 18 11 -3 0
91 14 -2 0
86 15 5 0
6 10 -2 0
74 -6 -17 -14 0
75 10 -17 0
83 -14 0
60 11 14 -2 0
68 -12 17 0
27 16 20 0
6 -3 17 0
9 3 0
18 12 5 0
22 -20 13 0
14 7 0
59 -6 0
62 16 -15 -14 0
43 11 -17 5 0
27 -9 -17 0
43 -15 0
51 14 5 0
44 -8 11 16 0
67 2 5 0
91 20 0
81 -1 14 0
6 -13 -2 0
93 11 14 -5 0
37 -7 0
90 -9 0
15 -14 -10 -20 0
6 19 5 0
46 17 16 0
54 -19 14 17 0
74 7 9 6 0
8 1 0
73 -13 -13 0
81 15 -6 0
25 2 20 12 0
2 -20 14 -13 0
89 -19 -11 2 0
3 12 -18 -18 0
89 10 0
70 8 0
52 -7 17 0
32 -11 5 -12 0
64 6 9 0
41 -6 2 -3 0
99 9 19 13 0
59 3 0
23 -19 18 0
65 15 3 15 0
98 -17 12 4 0
49 -8 0
37 -8 16 0
62 -15 -20 -20 0
85 -5 -15 -13 0
32 7 15 0
74 6 -6 18 0
48 6 0
77 -20 0
65 -13 18 0
82 -19 0
13 10 0
64 -17 -13 9 0
53 10 16 0
64 -10 12 9 0
11 12 -12 0
