10 2000
64 2 0
68 -3 0
52 -7 5 -9 0
35 -9 7 0
40 1 -1 0
98 -10 -10 0
5 -6 -8 0
35 -1 0
39 1 -1 10 0
84 -9 2 0
4 2 3 -5 0
28 4 -2 0
45 4 2 0
98 -8 0
80 -10 0
91 1 0
97 3 -4 4 0
36 9 6 0
57 9 9 -10 0
4 -2 -1 0
23 -10 0
35 -2 6 0
88 2 5 8 0
47 9 -2 0
74 -6 3 0
35 -10 0
60 -2 0
3 5 8 -7 0
96 4 8 -5 0
33 -6 5 4 0
38 9 0
42 5 0
45 5 4 2 0
45 6 4 0
32 1 0
18 3 0
34 -5 3 3 0
86 6 2 -3 0
61 -4 0
81 1 4 0
88 -1 5 -2 0
67 -3 0
55 -5 8 0
33 5 -10 0
43 10 5 9 0
95 -8 1 -7 0
14 7 -5 0
98 5 5 0
31 -1 7 0
10 -4 -2 0
11 -5 -4 0
61 1 -9 1 0
64 -7 0
60 2 0
65 3 3 -9 0
33 -2 2 0
44 7 0
59 -2 10 0
72 2 6 2 0
87 8 0
48 -7 1 8 0
3 5 0
5 8 1 0
74 -5 -2 -6 0
88 7 8 0
97 -4 -1 0
39 -8 -2 2 0
55 -9 0
2 -7 9 3 0
63 -2 0
79 -1 0
72 4 9 0
41 1 0
96 -4 0
55 10 -2 0
16 -9 6 0
76 4 1 -6 0
39 -4 0
20 9 -10 4 0
97 -1 -4 0
34 -4 0
90 4 4 0
13 -9 7 0
40 -2 -1 -7 0
41 7 0
23 -7 0
21 4 10 0
31 8 9 0
17 4 0
63 -7 0
94 -1 0
48 -7 0
52 10 -5 2 0
16 4 0
16 -3 0
18 -3 -9 1 0
57 5 0
46 1 8 8 0
9 -1 0
6 -7 0
40 8 0
30 -7 1 0
3 -6 0
3 -9 5 0
88 -2 -8 0
29 -3 0
78 2 0
85 1 -8 8 0
70 2 0
71 9 5 -2 0
55 -3 -9 0
81 1 1 0
77 5 8 0
15 3 -9 -10 0
63 -10 7 0
8 -6 7 0
7 -1 -5 0
1 -1 7 10 0
73 3 0
88 -10 6 0
19 -9 -7 0
12 -6 0
43 8 0
26 -4 8 -4 0
13 -5 0
22 -6 0
88 8 -8 6 0
91 -6 -4 -6 0
4 2 4 0
91 9 -10 7 0
50 8 -7 0
77 3 7 1 0
18 9 10 0
42 -5 -8 8 0
95 7 0
54 4 2 -3 0
55 -4 1 3 0
10 3 10 0
69 6 6 10 0
80 4 -10 0
67 -2 0
64 -6 10 0
90 10 -9 0
87 -4 -6 0
15 -5 0
91 1 0
74 9 -3 0
37 -9 0
79 -9 -4 0
68 -2 0
15 9 0
96 5 0
51 -3 4 0
2 7 0
87 7 0
33 -7 -4 0
77 -3 -8 0
98 8 4 0
69 -4 1 0
64 -3 2 0
4 6 -6 0
15 -4 0
27 2 1 0
2 5 0
1 -2 -1 0
68 4 10 0
57 -3 0
58 9 9 0
80 -10 0
51 4 -2 0
11 -1 0
12 -5 -5 0
26 2 -2 0
46 10 0
13 9 -1 0
80 3 7 0
58 5 -7 1 0
90 6 -10 -3 0
78 3 -9 0
56 -1 -5 0
75 -6 0
63 5 -6 3 0
66 -9 0
80 6 0
72 3 9 -4 0
70 1 -9 0
8 6 -8 0
77 5 8 0
58 -5 -3 3 0
68 -7 4 6 0
82 -5 0
78 -10 -10 0
18 -9 8 -8 0
88 4 0
98 -5 -2 0
48 -4 -2 0
28 -10 0
68 -6 -7 -4 0
27 10 0
55 -7 4 0
100 4 0
25 8 -7 -3 0
82 -9 -7 0
93 8 0
77 9 0
60 10 0
74 -3 9 4 0
67 -9 0
24 2 -5 0
11 8 0
100 4 -10 0
41 4 -3 -2 0
6 2 0
5 8 -10 -3 0
82 -5 5 -9 0
53 9 4 0
85 -2 -7 1 0
50 4 -2 -9 0
65 -10 -9 -1 0
48 7 6 0
85 8 0
79 -3 9 0
78 -4 8 0
66 -7 5 6 0
100 -9 -9 0
6 -5 6 0
34 -6 0
22 4 1 7 0
8 4 -7 0
5 3 3 5 0
12 -3 -9 10 0
32 -6 8 8 0
31 -1 -1 0
85 -1 2 0
89 -4 -9 4 0
91 -6 4 -1 0
87 -10 -10 -4 0
3 10 2 5 0
18 -5 3 5 0
17 -5 6 5 0
73 -6 -8 -9 0
7 4 6 0
3 10 0
65 -3 4 -4 0
39 7 -7 0
27 -3 -7 0
86 -3 0
63 8 0
81 -8 -5 10 0
17 2 -2 0
5 5 0
25 4 0
43 -10 -9 6 0
58 2 0
99 5 0
97 1 5 10 0
3 -7 0
96 8 10 6 0
50 -4 -1 2 0
14 -7 8 0
84 -3 6 4 0
19 -5 6 8 0
74 9 7 0
2 -8 2 0
4 2 -3 3 0
24 -10 4 7 0
25 6 -5 -3 0
13 6 0
39 -4 9 0
74 10 -1 -6 0
6 -3 0
23 -3 0
23 9 -1 0
13 -1 6 -2 0
63 -2 -10 0
21 7 -9 0
37 7 0
56 -10 2 0
48 3 0
84 -5 -6 0
72 6 0
23 -9 -10 9 0
42 -9 0
82 4 -4 -7 0
40 3 -1 1 0
61 2 9 10 0
81 -1 0
51 -5 5 0
21 1 -10 0
30 9 6 -4 0
49 -4 -3 0
10 10 10 0
40 -7 2 0
34 6 0
26 7 -1 -10 0
99 -6 0
16 10 -6 0
84 1 1 -10 0
93 -6 0
41 -3 -5 7 0
80 2 -9 9 0
28 -5 -2 0
8 3 -5 1 0
73 5 -7 5 0
2 -8 10 -4 0
91 3 0
92 10 0
15 -4 6 10 0
94 6 4 -8 0
89 -4 -2 0
76 -4 0
50 -3 2 0
94 4 0
34 -2 9 2 0
23 7 5 -2 0
35 -3 -7 -8 0
83 5 4 0
61 7 -10 -5 0
42 5 5 2 0
12 9 0
44 -9 0
83 3 0
69 -1 4 0
48 6 0
21 9 0
21 -8 8 0
15 8 0
44 9 -8 7 0
6 7 1 -4 0
65 -3 -10 -2 0
38 9 1 0
91 -5 5 8 0
59 8 0
25 9 5 0
34 6 -9 -4 0
30 7 -1 0
1 -6 0
24 4 -9 0
36 10 -3 -8 0
49 5 3 0
64 1 -4 2 0
93 4 -7 -5 0
100 5 0
19 2 0
26 -3 -5 0
37 -7 0
29 7 0
33 -5 0
17 -10 6 1 0
85 -7 0
68 -8 -5 0
85 -10 0
43 -3 -10 0
83 9 0
25 -8 0
64 1 -7 7 0
80 -6 -5 0
76 7 -5 7 0
26 -4 -6 0
69 -4 -4 5 0
9 -2 -8 0
94 -6 4 0
23 -9 6 0
46 1 7 0
56 -5 0
93 -3 4 -10 0
67 -1 -1 0
43 4 -5 0
98 -6 7 -8 0
11 -5 -2 0
14 -5 0
58 -2 -6 0
84 -10 0
14 -1 0
92 1 -2 -6 0
33 2 -2 0
26 7 0
79 8 10 2 0
34 -9 6 5 0
18 5 0
97 8 0
7 1 2 7 0
17 8 0
42 -5 0
6 -5 0
4 -9 -1 -1 0
10 3 -7 0
84 1 0
29 -8 9 5 0
80 -6 2 0
80 -7 -5 0
21 3 0
45 -6 6 3 0
85 5 0
55 -7 -1 0
60 -5 7 0
34 -9 0
53 -3 3 8 0
3 1 -2 0
25 3 0
11 -10 -1 -6 0
64 -4 0
65 -8 8 -8 0
37 4 -9 8 0
78 3 0
81 9 -1 0
38 6 -8 0
36 -3 -4 -1 0
84 9 -1 0
89 -6 0
31 6 -2 1 0
47 -8 5 1 0
83 7 -1 -6 0
81 -5 0
16 6 0
14 1 -9 10 0
57 1 -9 -9 0
92 9 -9 0
12 2 -8 -2 0
25 8 -2 2 0
33 6 -2 4 0
52 7 -5 7 0
70 -2 -5 0
85 -9 5 0
3 2 -9 0
100 10 10 0
59 -7 -6 -8 0
38 -10 1 -8 0
1 -5 -3 -6 0
14 7 0
64 -4 1 -2 0
10 -6 0
28 -4 0
83 -10 3 0
36 10 -2 -10 0
9 9 -7 0
58 5 0
14 8 8 0
100 -10 0
60 -4 2 2 0
98 10 0
39 -10 7 8 0
93 8 -6 0
29 -6 -9 0
65 -5 3 0
10 10 0
64 10 -4 -5 0
47 -7 0
71 9 -2 0
47 -6 9 0
76 -4 -1 0
96 -4 0
91 10 -9 -6 0
56 -6 0
74 -1 -6 0
37 9 0
54 4 2 0
97 -8 10 0
25 -2 2 -7 0
16 3 -9 2 0
28 -10 0
91 5 4 0
60 4 0
79 -3 -10 0
92 8 -4 0
29 10 -2 0
89 10 0
50 5 0
51 10 -8 0
89 -9 0
92 -4 -1 6 0
44 3 0
47 10 0
83 -5 -7 0
57 4 0
3 -3 3 -2 0
33 -6 7 0
48 8 4 5 0
60 -6 -2 1 0
44 2 10 -8 0
21 -10 0
23 8 -7 0
71 -10 3 0
46 4 5 0
86 -9 -3 4 0
52 1 3 5 0
81 10 5 0
18 -3 0
85 -7 -4 6 0
93 1 0
45 -2 10 5 0
72 1 0
72 10 2 0
30 -9 0
92 10 -9 0
11 -9 1 0
56 -4 10 0
37 1 0
67 -8 -2 3 0
96 -2 0
66 8 0
97 7 -5 0
54 -4 1 0
32 -7 0
68 -9 0
38 -6 8 0
15 8 0
2 -1 0
84 9 9 0
61 8 0
84 -7 1 0
24 9 -2 0
41 1 -2 0
39 6 8 8 0
31 -6 5 -3 0
34 -6 2 -7 0
58 -6 -2 0
80 5 5 0
4 -1 -4 0
56 7 -3 8 0
26 1 5 -10 0
96 6 -9 0
95 -6 0
83 -7 -8 -2 0
73 -3 9 0
34 -4 -9 0
97 5 0
82 1 0
47 7 4 0
93 -10 -8 0
37 5 0
88 10 4 0
65 4 -1 2 0
100 -3 0
41 -2 -3 8 0
65 -6 2 0
15 -9 4 0
91 7 2 -6 0
84 1 0
85 -2 -5 0
53 9 8 0
62 -5 0
11 -4 -6 0
33 -10 7 0
39 3 8 -7 0
79 -8 -7 -7 0
97 -7 -10 0
54 -2 0
67 -3 -10 5 0
80 6 0
20 10 0
97 -6 0
27 2 1 0
12 -6 -5 -9 0
98 1 10 0
92 -1 0
42 8 -1 -9 0
57 -7 0
98 10 0
94 -1 4 -9 0
82 -3 0
89 -6 6 -7 0
22 -5 4 0
17 8 -9 -2 0
51 -2 -8 8 0
83 -6 0
55 -1 -7 -4 0
44 2 -6 6 0
19 3 0
70 -4 0
89 4 -1 0
53 9 -9 -3 0
21 -2 1 0
5 1 0
52 -7 0
33 7 -1 10 0
28 -10 -1 0
37 -3 1 3 0
99 -3 -5 -3 0
22 -1 8 5 0
68 8 -1 -4 0
84 -2 0
84 -8 -1 0
34 8 0
51 -5 9 0
38 5 3 0
65 -1 -8 0
2 5 0
46 9 0
10 -4 -4 -1 0
36 6 0
92 -8 10 0
48 -2 5 0
41 -5 0
44 6 -5 4 0
21 9 9 0
46 7 0
86 -2 5 0
28 8 2 0
81 9 4 2 0
45 3 0
85 8 0
38 -9 -5 8 0
31 4 2 0
15 8 -8 0
26 9 0
30 10 -10 0
17 -6 0
18 -5 9 0
27 -9 -10 4 0
44 -7 0
62 -10 -7 -9 0
30 -7 3 9 0
1 8 -2 0
65 -2 0
67 3 0
88 -9 0
32 5 -7 -3 0
92 10 0
9 4 0
41 -10 -8 -4 0
27 -2 -2 5 0
83 -8 -7 -6 0
26 3 8 -8 0
61 -8 -7 -1 0
7 -10 0
49 1 2 8 0
40 7 0
43 10 -3 -6 0
60 8 2 0
1 5 -3 -5 0
27 8 7 -5 0
95 5 -7 10 0
100 9 9 7 0
68 2 0
98 -1 10 0
97 2 10 0
32 7 0
84 -3 -6 -7 0
15 -1 -5 1 0
94 7 0
65 -3 0
62 9 7 7 0
62 -6 0
68 3 0
21 1 -3 0
28 -8 -6 2 0
85 -10 0
41 1 1 0
43 -2 10 0
84 -9 0
56 1 0
46 6 7 -4 0
41 -2 0
69 5 0
100 -4 -7 0
96 1 -5 0
86 -8 -1 0
59 4 -2 -9 0
65 3 0
16 4 -3 1 0
88 10 0
24 -8 0
57 6 0
27 1 4 0
49 6 -3 0
60 -2 7 -4 0
77 1 -8 0
12 -9 0
26 9 8 0
20 -9 7 0
52 -10 0
95 9 0
78 2 7 0
72 3 -5 0
62 6 0
97 -3 0
64 9 -8 10 0
25 1 9 0
66 -6 4 1 0
12 -9 4 -3 0
57 8 9 4 0
47 -7 10 -2 0
71 -5 -10 0
21 -8 1 9 0
38 7 0
84 4 4 0
90 -3 -3 0
32 -7 -1 0
28 9 -1 5 0
32 2 5 0
18 -2 0
93 2 -4 0
95 5 6 0
21 6 9 -4 0
32 9 2 0
82 -2 -8 -6 0
32 -1 -6 7 0
63 -10 0
4 -7 10 0
16 6 9 0
93 1 4 0
14 -9 9 0
61 -9 7 4 0
95 -7 8 10 0
51 8 -3 4 0
27 -6 0
76 -9 1 0
75 -6 2 0
99 2 -4 8 0
24 -2 -1 6 0
9 -1 0
71 5 -4 10 0
59 10 0
15 3 0
48 2 3 0
45 2 -4 0
91 6 -7 0
35 -8 -6 -10 0
20 -1 0
58 10 0
47 1 -2 9 0
96 9 8 1 0
97 6 8 0
28 6 0
21 -3 5 -9 0
41 -7 0
48 -1 0
92 -2 0
9 1 0
51 -8 0
5 -10 0
94 5 -1 -3 0
67 -6 9 5 0
75 3 3 -1 0
98 10 0
69 -4 0
24 -4 2 0
64 -10 0
68 3 -5 8 0
51 -8 7 0
86 5 0
39 2 6 -1 0
52 10 0
24 7 0
93 2 -4 -9 0
97 -4 0
80 -9 7 0
57 10 1 0
29 8 0
48 -8 -4 -7 0
39 -8 -7 0
73 4 -5 4 0
42 -9 0
92 -6 -9 0
61 7 -9 0
20 -4 7 -7 0
69 2 -4 -4 0
48 7 -3 0
94 -7 5 0
20 -9 -7 0
39 -6 0
85 7 8 -4 0
99 -1 0
92 1 -4 -10 0
12 6 0
19 -7 0
22 9 5 0
94 10 -2 0
46 4 6 0
49 1 -9 6 0
99 5 -1 -8 0
64 -10 8 -9 0
45 2 0
33 -4 0
76 -9 0
44 5 0
14 10 2 0
51 4 0
31 4 -8 8 0
80 4 -10 -2 0
82 -4 0
55 1 -7 0
47 -3 10 -8 0
70 -6 4 0
89 3 0
92 -10 0
34 -10 -3 0
89 -2 8 -8 0
92 3 7 -6 0
5 7 -5 -4 0
25 -1 0
21 2 6 0
71 -6 -8 0
9 -2 0
34 10 0
41 -4 -7 3 0
35 -1 -3 1 0
21 4 -7 0
69 -4 0
31 -1 -1 7 0
10 -3 7 0
18 -1 10 0
70 -10 0
10 10 7 -3 0
32 -10 7 2 0
67 3 -3 0
17 -7 -7 -8 0
60 -8 0
8 1 7 0
37 -1 6 2 0
46 -4 -4 7 0
51 6 0
96 -1 -10 0
17 1 0
8 8 3 0
7 -6 -6 6 0
29 8 0
73 7 1 -1 0
40 -1 0
77 1 0
71 -8 4 -7 0
33 -9 6 5 0
28 9 -8 0
90 5 5 2 0
20 10 -5 0
36 8 6 0
77 1 0
53 -2 -5 -1 0
98 -7 0
32 -2 4 0
46 10 0
65 9 -2 0
63 5 5 -6 0
45 7 7 5 0
74 -6 -9 6 0
62 -5 -8 -3 0
29 -10 0
21 7 -1 -10 0
15 8 0
73 4 -1 0
16 10 0
11 -8 0
78 -6 3 -2 0
68 7 4 0
86 -10 0
94 10 3 0
63 1 -6 0
35 3 0
34 -5 7 5 0
83 -5 -10 -5 0
97 -9 0
68 7 0
83 -5 4 0
32 4 6 5 0
34 3 9 0
10 -3 -8 3 0
37 -10 -3 8 0
16 -6 2 0
86 -7 2 0
8 1 9 4 0
22 -6 0
49 -9 -8 5 0
86 -9 -4 0
87 10 9 -8 0
32 -6 10 0
83 -3 1 -1 0
78 6 0
8 10 -8 0
39 -7 -7 0
46 -2 -2 0
5 -9 6 0
91 -4 0
58 3 0
55 -10 -6 0
74 9 0
4 4 0
22 2 -4 -9 0
60 1 3 -3 0
94 8 1 3 0
12 -4 0
70 -8 0
98 8 -6 -8 0
63 -7 -3 1 0
68 4 -10 -7 0
2 -7 0
29 -5 0
11 4 1 -1 0
75 7 5 0
37 1 -3 0
54 2 -7 0
10 3 -4 8 0
80 -4 8 0
46 -9 9 6 0
98 -6 0
93 -3 6 0
7 7 -6 0
51 3 0
60 3 0
64 -3 -7 0
17 -1 0
94 5 0
68 6 2 -10 0
95 7 0
3 10 2 0
1 8 0
68 4 9 -9 0
63 -8 5 9 0
56 9 -9 0
89 6 -6 10 0
76 -8 -5 0
16 -10 -10 -5 0
16 -2 -9 0
2 -3 -2 -3 0
14 9 -8 -9 0
16 -10 3 -5 0
67 -4 0
90 5 4 -6 0
30 -8 9 0
37 5 0
43 3 -1 0
72 1 6 1 0
20 -8 10 0
6 8 6 -1 0
46 5 -3 0
76 -1 4 0
13 9 3 0
11 -1 6 -8 0
53 -7 0
73 -2 -7 -1 0
85 9 0
48 6 0
85 8 -2 0
32 5 -1 2 0
94 3 -8 -4 0
63 -1 -5 0
56 1 1 0
14 -5 5 -6 0
80 -6 6 10 0
53 4 0
32 7 0
7 -9 -2 -9 0
58 -5 -2 -7 0
15 10 0
33 6 -9 0
9 8 -1 0
6 2 9 1 0
97 8 0
88 3 -9 -7 0
2 7 6 0
20 -3 0
3 2 1 0
48 -2 3 -10 0
86 7 -2 0
28 -6 7 10 0
52 4 3 -5 0
22 5 0
64 6 2 0
24 -2 0
72 4 -10 0
94 -4 -3 8 0
35 8 2 8 0
43 8 0
61 -2 9 0
37 -9 2 -5 0
81 -9 2 10 0
28 9 2 9 0
77 -4 0
68 9 3 0
100 -10 -3 0
88 9 8 0
80 7 8 0
82 1 0
69 -7 0
75 -6 -4 0
69 -5 10 0
9 8 4 0
40 3 0
99 1 0
93 -3 7 0
23 2 1 0
72 10 4 -6 0
52 5 -7 -7 0
33 -3 2 9 0
5 5 2 1 0
35 -2 0
73 -4 0
54 7 0
78 -9 -1 -2 0
38 -4 0
45 1 0
58 -1 0
8 -9 0
80 2 8 5 0
69 1 0
77 -3 -3 0
75 -3 -5 0
69 -2 5 -1 0
90 -4 9 0
37 -9 2 8 0
31 -3 -4 0
25 -1 0
22 5 0
27 -2 0
2 -10 10 2 0
41 -6 0
9 1 -1 6 0
40 -8 9 -5 0
16 -9 -9 0
28 -4 -3 0
5 -7 10 10 0
11 -6 -8 3 0
44 -2 -10 0
65 -6 0
58 2 0
87 3 6 0
50 -2 -5 4 0
28 -1 0
42 6 -1 1 0
58 3 -6 10 0
69 10 0
61 8 -6 8 0
89 6 6 0
92 -8 8 0
29 7 0
64 8 0
70 -8 0
24 -5 2 -10 0
36 5 -1 0
16 -7 1 0
36 -4 0
36 -5 9 0
41 -10 10 0
63 2 0
70 -3 0
10 -8 0
50 1 0
79 7 10 0
69 -2 0
46 -4 0
26 -4 0
8 -5 0
10 -9 0
87 3 0
8 -1 -9 2 0
45 2 -8 -5 0
67 1 -5 -7 0
40 -3 5 0
28 -2 10 0
96 -3 0
76 -4 5 2 0
59 5 0
91 3 0
65 -1 10 0
72 1 -10 0
95 3 0
65 -6 -9 -2 0
85 6 0
79 2 -8 0
55 -8 5 -10 0
11 1 -7 7 0
90 4 0
16 -1 0
70 2 0
42 4 10 0
53 -1 10 0
52 -3 0
9 -7 -2 10 0
55 -9 9 10 0
82 -10 4 9 0
27 -9 10 5 0
62 1 0
57 1 -3 0
21 -10 0
49 7 0
42 7 2 0
68 -6 -9 -4 0
27 10 -2 9 0
59 1 0
56 4 -3 0
66 8 -3 0
37 8 -2 -1 0
13 -5 -1 -1 0
29 5 7 0
6 -5 7 0
8 -9 9 0
32 -5 0
42 1 8 0
94 9 0
51 -8 0
98 4 8 -9 0
39 -2 0
22 6 -1 10 0
72 -1 0
17 10 -10 0
18 -4 -1 8 0
4 5 5 0
24 4 0
2 -8 -1 0
13 9 -3 1 0
3 -1 -3 2 0
7 -5 0
9 6 0
57 4 0
85 8 7 0
5 -6 -1 0
86 -10 2 0
100 -2 -4 0
22 6 -9 -9 0
73 5 5 0
77 3 0
89 -2 2 0
98 4 0
27 7 1 0
22 2 0
26 -2 0
100 4 -4 0
71 2 7 -6 0
94 4 0
9 5 3 0
11 -6 2 -8 0
63 -3 5 0
99 1 2 2 0
38 -6 -3 0
83 -6 -8 0
55 6 -1 -8 0
70 2 0
34 -4 0
54 -4 1 0
80 6 0
70 7 0
3 1 3 8 0
76 10 0
59 -7 -4 10 0
35 -1 -9 -6 0
45 -10 10 -10 0
67 4 9 0
40 -1 0
88 -3 -1 -7 0
45 -4 -8 -6 0
19 -3 7 0
62 10 0
53 -6 0
72 -7 -9 0
94 -9 0
27 2 5 0
100 5 4 1 0
13 -7 8 0
96 -9 -6 4 0
15 6 -1 -5 0
94 10 0
88 1 -10 -1 0
75 -6 2 -1 0
8 -3 -7 0
16 2 8 5 0
34 10 0
44 -5 3 0
3 -9 0
65 6 -6 0
93 2 3 -2 0
35 5 2 -6 0
94 7 0
57 4 0
78 7 1 -4 0
74 -3 0
52 5 -4 0
49 -6 10 0
6 4 0
8 9 0
58 -3 -2 8 0
88 -1 9 -3 0
65 -2 -8 0
12 -4 -4 -3 0
24 -10 -4 -6 0
46 -8 0
93 3 0
66 4 7 0
23 -7 0
63 -7 -7 3 0
100 -1 -2 -3 0
13 -4 -8 0
46 -2 -8 0
48 -9 -7 0
62 -6 0
73 10 1 0
45 1 0
71 -3 10 0
82 6 0
53 -1 9 -8 0
9 -5 -3 0
64 9 -3 2 0
81 -7 0
24 -8 3 -10 0
87 -6 8 -6 0
24 2 7 0
46 -3 -6 0
37 -2 7 3 0
46 -4 1 0
27 -8 0
70 5 -9 10 0
34 -4 0
36 2 7 0
37 -7 0
50 6 -9 0
57 1 -3 6 0
86 -10 10 0
21 4 -3 5 0
52 8 2 0
57 5 0
79 9 -9 0
17 9 0
79 4 2 0
5 -6 -9 -2 0
7 3 0
50 -5 0
56 2 -10 0
63 4 2 0
18 -5 -3 -1 0
71 -3 -7 0
3 -5 0
15 -2 0
93 2 8 4 0
96 9 0
85 -5 -4 6 0
69 -6 0
62 -7 -10 9 0
52 6 -6 9 0
39 -10 0
35 6 9 0
79 4 0
41 8 7 -9 0
20 9 0
78 -6 -6 7 0
26 7 -1 0
96 -10 4 7 0
45 -10 0
40 -9 5 0
86 1 0
23 -10 9 -6 0
25 -7 -3 -7 0
99 -5 -5 0
75 3 -1 -4 0
53 -1 -3 0
88 -7 0
48 5 -3 4 0
82 -8 3 0
76 -7 2 0
93 -9 1 -2 0
69 -9 0
65 8 0
63 6 7 0
61 -7 2 0
68 4 -3 -2 0
53 -7 10 -1 0
4 9 -5 0
95 2 0
43 -7 0
83 -3 0
71 4 5 4 0
51 -9 -7 0
22 -1 -9 3 0
56 7 3 9 0
91 -4 -6 0
43 10 -7 10 0
61 -4 0
87 2 -1 0
6 -6 7 4 0
12 -1 0
87 10 0
68 10 8 0
84 -1 0
33 -5 0
37 1 0
47 -9 -6 9 0
72 5 0
28 -9 3 2 0
66 -1 -7 0
8 5 0
25 -8 -9 0
21 -9 0
23 -9 9 0
1 9 -2 8 0
33 -5 1 0
79 -7 0
56 -6 0
40 -5 3 0
55 2 0
95 2 -2 -7 0
78 7 -6 2 0
54 2 2 -9 0
26 4 -1 6 0
85 -10 -2 -4 0
3 -3 -1 0
21 3 9 0
90 6 0
53 -4 0
19 -2 0
10 -8 0
65 -1 -9 8 0
44 2 0
83 8 0
83 4 0
41 -5 0
52 -3 -5 -6 0
15 -6 0
14 -2 0
93 1 -1 0
68 -9 -5 0
38 -1 0
55 7 0
24 -2 0
61 5 9 3 0
61 -4 0
81 -6 0
75 -2 1 0
92 2 -6 7 0
64 -2 5 0
88 -10 1 -10 0
38 1 -7 5 0
11 6 -6 0
6 6 0
3 -5 0
1 3 4 0
50 -5 0
49 -7 -2 10 0
16 2 -2 1 0
56 4 0
14 5 0
6 -7 9 3 0
82 4 0
93 -7 9 0
8 -7 0
44 7 -9 -3 0
54 2 -5 0
76 -5 10 0
43 3 -9 -9 0
37 3 10 0
81 6 -10 0
43 -1 1 3 0
7 -9 -2 -7 0
10 8 0
8 9 0
12 9 10 3 0
38 -6 3 0
28 -1 -4 0
89 9 5 -6 0
69 3 1 2 0
54 -10 2 -3 0
81 5 -5 -6 0
38 5 -3 5 0
12 6 0
15 7 5 -7 0
10 2 0
58 1 0
75 -9 -7 0
12 8 10 0
40 9 5 8 0
100 -6 -7 0
89 -1 -1 0
3 6 0
29 -10 6 0
100 5 7 0
29 -2 0
22 -5 0
9 2 4 7 0
70 -9 8 0
10 -6 -8 6 0
10 10 0
5 -7 0
56 1 -10 0
55 9 0
55 2 0
44 -9 3 0
99 -6 3 0
37 -6 -1 -1 0
94 6 -4 -7 0
55 2 0
26 3 0
31 7 -4 5 0
86 5 -4 0
54 5 -10 0
50 -2 2 0
77 -10 -5 -2 0
64 8 0
14 -10 0
41 9 0
63 9 0
60 3 -3 0
88 8 5 -6 0
18 5 -3 -1 0
80 -1 0
95 3 0
93 -3 0
10 -9 0
17 -7 -2 -10 0
27 -3 4 -1 0
93 7 0
22 -2 -3 -8 0
36 10 0
13 -10 0
73 10 -10 -7 0
67 -9 2 6 0
9 -9 4 -10 0
30 5 0
92 -7 1 10 0
47 1 0
19 5 0
91 -2 -6 0
47 2 -6 2 0
97 -5 -1 6 0
84 1 7 6 0
5 1 -5 0
29 1 0
51 8 0
21 3 2 -1 0
52 -9 2 0
46 -1 -9 6 0
22 -2 0
60 -8 0
60 2 -5 -2 0
29 8 0
49 -3 0
92 8 -10 -5 0
97 6 0
84 -2 -5 -7 0
50 5 1 4 0
84 -10 10 0
16 -8 6 3 0
18 7 9 -4 0
65 -9 -10 0
8 10 -1 0
58 -6 0
48 5 10 -9 0
47 7 -6 3 0
76 -2 -10 0
86 7 0
55 -9 6 0
5 -3 -5 -4 0
37 4 0
37 5 0
36 6 -3 -5 0
34 -6 -1 0
49 -2 -1 3 0
60 -1 -8 7 0
9 8 -1 0
45 -7 0
53 -4 9 4 0
43 2 4 10 0
43 7 0
86 -9 0
36 -8 -7 -10 0
49 -4 7 6 0
71 1 3 0
9 5 -9 0
89 10 0
68 -10 4 0
81 1 0
34 -10 10 7 0
7 -1 0
76 -4 0
54 -7 9 0
55 -4 0
33 1 4 0
100 5 0
21 9 -4 0
93 9 0
69 4 0
94 6 -10 4 0
56 3 9 -10 0
96 5 0
41 8 6 0
44 2 -9 0
28 3 -7 5 0
11 9 -7 5 0
17 -6 6 8 0
58 3 10 0
53 -8 -4 0
79 9 0
91 -2 -8 0
49 -1 -6 0
96 5 -6 -3 0
1 -6 0
93 -4 -6 0
3 7 -5 -8 0
78 9 3 0
7 3 -6 5 0
5 -1 -9 1 0
96 -4 -7 0
61 -8 9 0
79 -5 0
6 2 -10 -9 0
30 6 -3 0
33 -7 -6 -3 0
49 2 1 -3 0
30 -9 0
24 3 0
88 4 0
42 2 -8 0
10 4 -5 0
40 -2 5 1 0
10 -10 4 4 0
47 -4 0
43 7 0
84 -7 -10 0
25 7 0
5 -8 0
78 6 0
39 5 1 0
37 10 1 0
51 5 9 0
31 4 0
3 -4 -8 10 0
39 -5 -10 3 0
45 1 -7 -10 0
61 -7 9 -1 0
48 -1 0
15 6 -5 -9 0
26 -10 5 4 0
32 -7 -9 1 0
55 -10 -2 4 0
59 6 0
78 4 0
70 -3 8 0
92 -1 -1 0
25 7 3 4 0
43 -3 8 0
24 -4 -10 0
21 9 7 0
45 -8 6 -2 0
73 4 -10 -3 0
79 9 -2 0
98 -6 0
70 -1 -5 0
38 5 0
7 9 0
66 10 -10 0
91 7 0
94 -2 -3 0
57 -6 -4 -9 0
47 10 -3 0
48 5 0
11 7 -8 0
59 -3 1 -2 0
2 4 -9 1 0
49 -8 9 -9 0
96 -5 0
100 9 2 0
84 1 0
67 -8 7 0
50 6 0
34 1 0
69 -7 0
95 -3 1 0
27 4 9 0
51 8 10 0
21 -10 -1 0
73 -8 -1 -3 0
67 -9 -1 0
43 1 0
10 7 -9 0
37 -7 -4 6 0
47 -8 -3 0
33 1 10 0
17 10 9 0
77 8 -7 3 0
21 -7 0
9 -6 -10 0
66 4 0
89 -9 -2 0
14 -1 0
17 -5 0
33 9 0
69 -6 0
11 6 -5 0
15 8 0
96 -8 1 0
41 -4 0
2 3 0
17 -4 3 0
63 -2 -5 0
75 1 8 0
16 -6 -4 7 0
11 10 -4 7 0
28 -3 0
75 9 -6 0
97 -8 0
65 4 0
73 -1 -2 7 0
59 -5 0
30 9 0
10 1 5 7 0
53 -7 0
39 -8 0
20 2 8 0
8 4 8 -10 0
8 7 -5 -5 0
44 6 0
42 9 3 0
83 -8 -2 5 0
56 -9 0
14 2 2 4 0
45 -2 0
35 -10 0
7 2 -2 -10 0
28 7 -2 4 0
76 10 -4 8 0
65 10 0
84 -9 0
88 -3 2 -9 0
42 -3 0
29 -4 0
61 10 0
12 -4 -8 0
13 10 0
39 -1 -2 0
11 -10 10 0
98 10 5 3 0
10 8 -6 0
41 -4 -3 0
25 5 4 -7 0
77 4 -7 3 0
19 -9 0
57 -4 0
76 -6 2 0
40 4 10 -9 0
40 -8 -2 4 0
93 4 0
97 -2 0
15 -2 0
66 3 0
81 -4 6 -8 0
64 9 -4 0
17 -5 0
35 -3 0
74 9 0
19 -6 4 0
90 9 -8 5 0
49 -6 0
61 -8 -8 -5 0
61 -4 0
6 -3 0
8 -6 -4 0
100 4 7 0
71 -8 0
48 -4 -2 0
64 -10 0
92 7 0
47 7 0
54 7 0
73 4 0
93 8 3 9 0
25 -7 -3 4 0
11 -4 6 0
14 9 1 0
91 -9 0
28 5 6 0
29 10 5 7 0
60 6 4 0
53 9 10 5 0
53 -9 6 9 0
90 -6 0
37 -8 7 0
67 -3 -5 0
64 10 0
98 9 -5 1 0
91 2 0
94 9 2 0
61 -5 -6 0
65 -5 0
70 4 -4 0
93 6 8 0
29 -3 7 0
68 -9 -5 0
61 -8 10 1 0
56 -1 0
25 -9 7 1 0
91 1 0
57 -8 -3 0
80 4 -5 0
47 -3 -4 -5 0
76 -8 9 -7 0
1 5 -7 4 0
61 10 0
61 5 5 0
73 -4 0
87 2 -4 0
54 -2 4 0
83 -9 0
43 8 -1 -6 0
43 3 5 0
79 6 -7 1 0
99 -2 -8 4 0
84 8 -7 -1 0
99 4 -5 -5 0
38 3 -1 10 0
28 9 3 6 0
69 1 1 -2 0
93 7 5 -2 0
6 3 -3 2 0
69 4 1 0
11 9 3 -10 0
99 -5 -2 7 0
71 -8 -1 -7 0
77 -5 3 0
31 -4 0
36 2 -7 -5 0
36 6 1 7 0
86 10 3 5 0
74 -3 0
58 5 -6 0
74 -8 3 6 0
26 -2 9 0
11 -8 4 5 0
95 -9 0
68 10 0
85 -7 0
10 -2 -10 8 0
24 -3 5 2 0
100 8 -7 -6 0
71 -10 3 0
100 9 -5 0
71 -9 0
17 -9 -3 -10 0
17 -6 -6 0
95 9 10 0
30 -4 -2 0
52 -8 10 0
59 10 -2 -4 0
10 7 5 0
11 -9 0
49 -10 9 0
33 -8 0
98 -1 3 4 0
56 3 2 0
4 -6 0
25 -3 0
19 -7 0
27 -7 -1 8 0
87 6 -8 0
55 8 0
3 8 -5 6 0
71 10 3 -10 0
27 -6 2 0
45 -9 1 5 0
5 2 -5 10 0
9 -5 0
68 1 0
82 10 -1 -4 0
11 4 -4 -3 0
53 -10 8 3 0
19 8 -8 -6 0
12 -3 0
49 10 -6 0
33 8 9 3 0
79 -1 -2 -1 0
5 9 0
53 8 8 3 0
81 -9 -4 0
92 2 0
92 2 -5 0
2 2 1 -5 0
84 -1 -3 0
1 8 8 -9 0
38 -9 0
85 5 1 0
64 -10 1 0
87 -8 0
10 -4 10 0
46 -10 4 4 0
21 -6 0
25 -10 -9 -2 0
63 3 0
100 1 -5 -5 0
54 -10 0
62 -8 0
94 -5 4 0
65 -9 1 0
15 -4 -1 7 0
85 -7 0
88 3 -4 5 0
64 7 -2 0
96 2 4 0
86 -10 10 -10 0
44 -3 -2 0
42 -10 4 -3 0
6 2 0
94 8 8 0
72 -10 0
84 -5 -5 0
31 9 -6 0
4 5 0
86 -7 0
55 5 -5 0
76 -10 -1 1 0
87 -10 0
79 -6 5 -1 0
10 6 -7 4 0
74 -3 -4 -7 0
67 5 0
29 1 -8 0
33 -1 0
48 -2 0
76 10 0
78 1 -6 6 0
56 -10 1 0
11 8 0
22 6 5 0
55 -7 -4 0
29 -10 6 -1 0
53 1 -5 6 0
80 -3 0
12 -7 7 0
65 10 2 -1 0
50 5 1 -8 0
64 1 0
66 9 8 0
76 2 0
14 -2 -3 0
79 8 0
94 3 -7 0
81 -1 -6 6 0
9 -7 -5 2 0
55 -1 0
82 -2 -9 2 0
6 -10 0
68 5 -1 10 0
52 3 6 -7 0
51 -7 -7 0
81 -4 0
19 1 3 -8 0
99 3 -4 10 0
76 -5 0
73 2 0
38 5 4 -6 0
58 9 0
84 -6 0
24 8 -1 0
69 10 -1 3 0
99 7 7 6 0
62 -8 6 0
67 -7 0
94 -7 -9 0
27 8 4 -9 0
55 -2 -9 0
18 10 -3 -10 0
14 5 -7 -4 0
83 -6 10 0
51 -5 -1 0
2 -3 4 4 0
75 8 10 0
71 -1 -6 8 0
37 -10 -7 0
28 -3 8 -1 0
95 -7 0
66 -9 9 -2 0
26 8 -10 4 0
18 -6 6 0
88 10 0
9 -1 -3 0
67 -1 0
5 -7 -8 0
5 -3 7 10 0
79 1 0
30 10 -1 0
11 -2 -8 10 0
9 -9 0
51 10 -5 0
2 4 -7 0
84 -2 0
60 -5 7 -4 0
32 2 0
37 8 4 0
69 -5 0
32 6 -10 -4 0
80 -10 0
97 5 9 6 0
64 3 0
64 3 -6 0
32 8 5 0
39 -1 1 1 0
97 8 10 -2 0
62 -4 0
19 -5 0
54 -5 -3 -10 0
26 -7 3 -6 0
93 -8 -3 0
45 2 -2 0
42 10 0
5 2 -9 1 0
16 -9 -9 3 0
37 9 9 -5 0
80 6 -3 0
46 8 -10 -4 0
4 7 0
80 3 -2 0
80 -7 7 -4 0
29 4 0
26 8 0
83 10 6 -8 0
56 -5 1 -1 0
52 -9 3 0
81 4 1 0
96 6 2 0
86 -3 0
50 -3 0
91 -7 10 8 0
60 -2 -4 5 0
49 9 0
80 10 4 0
36 10 0
79 10 7 0
13 5 8 -9 0
20 -2 -6 0
82 5 10 0
72 -9 -2 -7 0
76 -9 7 0
11 10 0
47 9 -1 0
42 10 4 4 0
64 -8 2 2 0
22 -6 -10 0
28 5 6 0
86 5 7 0
3 2 1 -6 0
95 -10 0
40 4 3 6 0
72 2 2 7 0
92 -8 2 1 0
11 9 -5 0
34 1 -10 1 0
48 -2 0
4 -9 0
39 2 0
47 -2 2 0
69 8 0
21 6 0
82 10 -7 -9 0
7 8 -10 0
59 -7 8 0
62 10 0
32 10 0
48 7 10 1 0
10 -9 -8 10 0
24 -6 8 8 0
83 6 0
23 2 10 0
31 -3 0
56 10 1 4 0
53 -5 -7 0
55 -6 0
16 4 5 -6 0
62 -10 0
73 9 -8 0
63 9 -4 0
75 -7 1 0
44 -4 0
70 -7 7 10 0
74 2 -5 -7 0
10 -3 9 0
57 6 0
20 -10 3 0
48 -5 -6 0
64 -9 0
31 7 -1 0
12 6 -3 8 0
96 1 9 6 0
54 -9 0
34 2 8 0
79 -8 4 0
34 7 9 -6 0
41 7 5 -8 0
5 1 -5 5 0
45 -4 -3 0
68 -4 5 0
29 -2 0
76 4 1 0
45 3 0
32 -7 5 -1 0
11 -6 0
33 6 10 0
21 -10 -1 9 0
3 -5 0
29 -8 -10 -7 0
6 -3 0
96 -2 -6 2 0
97 4 0
66 6 1 0
56 -10 0
31 2 -3 2 0
24 4 0
64 -4 0
83 -8 0
96 -8 -6 2 0
55 2 0
93 5 -1 0
53 -8 0
66 -1 10 0
62 -8 6 -10 0
5 -8 -2 0
50 -1 9 -1 0
